25 25 0.8
1:0.15569 2:0.228619 3:0.134434 4:0.0230008 5:0.095835 6:0.179683 7:0.109809 8:0.0729287 
0 1 
0 25 
1 2 
1 26 
2 3 
2 27 
3 4 
3 28 
4 5 
4 29 
5 6 
5 30 
6 7 
6 31 4
7 8 
7 32 
8 9 
8 33 
9 10 
9 34 
10 11 
10 35 
11 12 
11 36 
12 13 6
12 37 6
13 14 6
13 38 6
14 15 
14 39 6
15 16 
15 40 
16 17 
16 41 
17 18 
17 42 
18 19 7
18 43 
19 20 7
19 44 7
20 21 7
20 45 7
21 22 7
21 46 7
22 23 7
22 47 7
23 24 7
23 48 7
24 49 7
25 26 
25 50 
26 27 
26 51 
27 28 
27 52 
28 29 
28 53 
29 30 
29 54 
30 31 4
30 55 4
31 32 4
31 56 4
32 33 
32 57 4
33 34 
33 58 
34 35 
34 59 
35 36 
35 60 
36 37 6
36 61 6
37 38 6
37 62 6
38 39 6
38 63 6
39 40 6
39 64 6
40 41 
40 65 6
41 42 
41 66 
42 43 
42 67 
43 44 7
43 68 7
44 45 7
44 69 7
45 46 7
45 70 7
46 47 7
46 71 7
47 48 7
47 72 7
48 49 7
48 73 7
49 74 7
50 51 
50 75 
51 52 
51 76 
52 53 
52 77 
53 54 
53 78 
54 55 4
54 79 4
55 56 4
55 80 4
56 57 4
56 81 4
57 58 4
57 82 4
58 59 
58 83 4
59 60 
59 84 
60 61 6
60 85 6
61 62 6
61 86 6
62 63 6
62 87 6
63 64 6
63 88 6
64 65 6
64 89 6
65 66 6
65 90 6
66 67 
66 91 6
67 68 7
67 92 7
68 69 7
68 93 7
69 70 7
69 94 7
70 71 7
70 95 7
71 72 7
71 96 7
72 73 7
72 97 7
73 74 7
73 98 7
74 99 7
75 76 
75 100 
76 77 
76 101 
77 78 
77 102 
78 79 4
78 103 4
79 80 4
79 104 4
80 81 4
80 105 4
81 82 4
81 106 4
82 83 4
82 107 4
83 84 4
83 108 4
84 85 6
84 109 4
85 86 6
85 110 6
86 87 6
86 111 6
87 88 6
87 112 6
88 89 6
88 113 6
89 90 6
89 114 6
90 91 6
90 115 6
91 92 6
91 116 6
92 93 7
92 117 6
93 94 7
93 118 7
94 95 7
94 119 7
95 96 7
95 120 7
96 97 7
96 121 7
97 98 7
97 122 7
98 99 7
98 123 7
99 124 7
100 101 
100 125 
101 102 
101 126 
102 103 4
102 127 4
103 104 4
103 128 4
104 105 4
104 129 4
105 106 4
105 130 4
106 107 4
106 131 4
107 108 4
107 132 4
108 109 4
108 133 4
109 110 4
109 134 4
110 111 6
110 135 4
111 112 6
111 136 6
112 113 6
112 137 6
113 114 6
113 138 6
114 115 6
114 139 6
115 116 6
115 140 6
116 117 6
116 141 6
117 118 6
117 142 6
118 119 7
118 143 6
119 120 7
119 144 7
120 121 7
120 145 7
121 122 7
121 146 7
122 123 7
122 147 7
123 124 7
123 148 7
124 149 7
125 126 
125 150 
126 127 4
126 151 4
127 128 4
127 152 4
128 129 4
128 153 4
129 130 4
129 154 4
130 131 4
130 155 4
131 132 4
131 156 4
132 133 4
132 157 4
133 134 4
133 158 4
134 135 4
134 159 4
135 136 4
135 160 4
136 137 6
136 161 6
137 138 6
137 162 6
138 139 6
138 163 6
139 140 6
139 164 6
140 141 6
140 165 6
141 142 6
141 166 6
142 143 6
142 167 6
143 144 6
143 168 1
144 145 7
144 169 7
145 146 7
145 170 7
146 147 7
146 171 7
147 148 7
147 172 7
148 149 7
148 173 7
149 174 7
150 151 
150 175 
151 152 4
151 176 
152 153 4
152 177 4
153 154 4
153 178 4
154 155 4
154 179 4
155 156 4
155 180 4
156 157 4
156 181 4
157 158 4
157 182 4
158 159 4
158 183 4
159 160 4
159 184 4
160 161 4
160 185 4
161 162 6
161 186 6
162 163 6
162 187 6
163 164 6
163 188 6
164 165 6
164 189 6
165 166 6
165 190 6
166 167 6
166 191 6
167 168 1
167 192 1
168 169 1
168 193 1
169 170 7
169 194 1
170 171 7
170 195 7
171 172 7
171 196 7
172 173 7
172 197 7
173 174 7
173 198 7
174 199 7
175 176 
175 200 
176 177 
176 201 
177 178 4
177 202 
178 179 4
178 203 4
179 180 4
179 204 4
180 181 4
180 205 4
181 182 4
181 206 4
182 183 4
182 207 4
183 184 4
183 208 4
184 185 4
184 209 4
185 186 6
185 210 6
186 187 6
186 211 6
187 188 6
187 212 6
188 189 6
188 213 6
189 190 6
189 214 6
190 191 6
190 215 6
191 192 1
191 216 1
192 193 1
192 217 1
193 194 1
193 218 1
194 195 1
194 219 1
195 196 7
195 220 1
196 197 7
196 221 7
197 198 7
197 222 7
198 199 7
198 223 7
199 224 7
200 201 
200 225 
201 202 
201 226 
202 203 
202 227 
203 204 4
203 228 
204 205 4
204 229 4
205 206 4
205 230 4
206 207 4
206 231 4
207 208 4
207 232 4
208 209 4
208 233 4
209 210 6
209 234 6
210 211 6
210 235 6
211 212 6
211 236 6
212 213 6
212 237 6
213 214 6
213 238 6
214 215 6
214 239 6
215 216 1
215 240 1
216 217 1
216 241 1
217 218 1
217 242 1
218 219 1
218 243 1
219 220 1
219 244 1
220 221 1
220 245 1
221 222 7
221 246 1
222 223 7
222 247 7
223 224 7
223 248 7
224 249 7
225 226 
225 250 
226 227 
226 251 
227 228 
227 252 
228 229 
228 253 
229 230 4
229 254 
230 231 4
230 255 4
231 232 4
231 256 4
232 233 4
232 257 4
233 234 5
233 258 5
234 235 
234 259 5
235 236 6
235 260 
236 237 6
236 261 6
237 238 6
237 262 6
238 239 6
238 263 6
239 240 1
239 264 1
240 241 1
240 265 1
241 242 1
241 266 1
242 243 1
242 267 1
243 244 1
243 268 1
244 245 1
244 269 1
245 246 1
245 270 1
246 247 1
246 271 1
247 248 7
247 272 1
248 249 7
248 273 7
249 274 7
250 251 
250 275 
251 252 
251 276 
252 253 
252 277 
253 254 
253 278 
254 255 5
254 279 5
255 256 4
255 280 5
256 257 4
256 281 4
257 258 5
257 282 5
258 259 5
258 283 5
259 260 5
259 284 5
260 261 
260 285 5
261 262 6
261 286 
262 263 6
262 287 6
263 264 1
263 288 1
264 265 1
264 289 1
265 266 1
265 290 1
266 267 1
266 291 1
267 268 1
267 292 1
268 269 1
268 293 1
269 270 1
269 294 1
270 271 1
270 295 1
271 272 1
271 296 1
272 273 1
272 297 1
273 274 7
273 298 7
274 299 7
275 276 
275 300 
276 277 
276 301 
277 278 
277 302 
278 279 5
278 303 5
279 280 5
279 304 5
280 281 5
280 305 5
281 282 5
281 306 5
282 283 5
282 307 5
283 284 5
283 308 5
284 285 5
284 309 5
285 286 5
285 310 5
286 287 
286 311 5
287 288 
287 312 
288 289 1
288 313 
289 290 1
289 314 1
290 291 1
290 315 1
291 292 1
291 316 1
292 293 1
292 317 1
293 294 1
293 318 1
294 295 1
294 319 1
295 296 1
295 320 1
296 297 1
296 321 1
297 298 1
297 322 1
298 299 7
298 323 7
299 324 7
300 301 
300 325 
301 302 
301 326 
302 303 5
302 327 5
303 304 5
303 328 5
304 305 5
304 329 5
305 306 5
305 330 5
306 307 5
306 331 5
307 308 5
307 332 5
308 309 5
308 333 5
309 310 5
309 334 5
310 311 5
310 335 5
311 312 5
311 336 5
312 313 
312 337 5
313 314 
313 338 
314 315 1
314 339 
315 316 1
315 340 1
316 317 1
316 341 1
317 318 1
317 342 1
318 319 1
318 343 1
319 320 1
319 344 1
320 321 1
320 345 1
321 322 1
321 346 1
322 323 7
322 347 3
323 324 7
323 348 7
324 349 7
325 326 
325 350 
326 327 5
326 351 
327 328 5
327 352 5
328 329 5
328 353 5
329 330 5
329 354 5
330 331 5
330 355 5
331 332 5
331 356 5
332 333 5
332 357 5
333 334 5
333 358 5
334 335 5
334 359 5
335 336 5
335 360 5
336 337 5
336 361 5
337 338 5
337 362 5
338 339 
338 363 
339 340 
339 364 
340 341 1
340 365 
341 342 1
341 366 1
342 343 1
342 367 1
343 344 1
343 368 1
344 345 1
344 369 1
345 346 1
345 370 1
346 347 3
346 371 3
347 348 3
347 372 3
348 349 7
348 373 7
349 374 7
350 351 
350 375 
351 352 
351 376 
352 353 5
352 377 
353 354 5
353 378 2
354 355 5
354 379 5
355 356 5
355 380 5
356 357 5
356 381 5
357 358 5
357 382 5
358 359 5
358 383 5
359 360 5
359 384 5
360 361 5
360 385 5
361 362 5
361 386 5
362 363 
362 387 
363 364 
363 388 8
364 365 
364 389 
365 366 
365 390 
366 367 1
366 391 
367 368 1
367 392 1
368 369 1
368 393 1
369 370 1
369 394 1
370 371 3
370 395 
371 372 3
371 396 3
372 373 3
372 397 3
373 374 7
373 398 3
374 399 7
375 376 
375 400 
376 377 
376 401 
377 378 2
377 402 2
378 379 2
378 403 2
379 380 5
379 404 2
380 381 5
380 405 5
381 382 5
381 406 5
382 383 5
382 407 5
383 384 5
383 408 5
384 385 5
384 409 5
385 386 5
385 410 5
386 387 
386 411 
387 388 8
387 412 8
388 389 8
388 413 8
389 390 
389 414 8
390 391 
390 415 
391 392 
391 416 
392 393 1
392 417 
393 394 1
393 418 1
394 395 
394 419 
395 396 3
395 420 3
396 397 3
396 421 3
397 398 3
397 422 3
398 399 3
398 423 3
399 424 3
400 401 
400 425 
401 402 2
401 426 
402 403 2
402 427 2
403 404 2
403 428 2
404 405 5
404 429 2
405 406 5
405 430 5
406 407 5
406 431 5
407 408 5
407 432 5
408 409 5
408 433 5
409 410 5
409 434 
410 411 
410 435 
411 412 8
411 436 8
412 413 8
412 437 8
413 414 8
413 438 8
414 415 8
414 439 8
415 416 
415 440 8
416 417 
416 441 
417 418 
417 442 
418 419 
418 443 
419 420 3
419 444 3
420 421 3
420 445 3
421 422 3
421 446 3
422 423 3
422 447 3
423 424 3
423 448 3
424 449 3
425 426 
425 450 
426 427 2
426 451 2
427 428 2
427 452 2
428 429 2
428 453 2
429 430 2
429 454 2
430 431 5
430 455 2
431 432 5
431 456 5
432 433 5
432 457 5
433 434 
433 458 
434 435 
434 459 
435 436 8
435 460 8
436 437 8
436 461 8
437 438 8
437 462 8
438 439 8
438 463 8
439 440 8
439 464 8
440 441 8
440 465 8
441 442 
441 466 8
442 443 
442 467 
443 444 3
443 468 3
444 445 3
444 469 3
445 446 3
445 470 3
446 447 3
446 471 3
447 448 3
447 472 3
448 449 3
448 473 3
449 474 3
450 451 2
450 475 2
451 452 2
451 476 2
452 453 2
452 477 2
453 454 2
453 478 2
454 455 2
454 479 2
455 456 2
455 480 2
456 457 
456 481 2
457 458 
457 482 
458 459 
458 483 
459 460 8
459 484 8
460 461 8
460 485 8
461 462 8
461 486 8
462 463 8
462 487 8
463 464 8
463 488 8
464 465 8
464 489 8
465 466 8
465 490 8
466 467 8
466 491 8
467 468 3
467 492 3
468 469 3
468 493 3
469 470 3
469 494 3
470 471 3
470 495 3
471 472 3
471 496 3
472 473 3
472 497 3
473 474 3
473 498 3
474 499 3
475 476 2
475 500 2
476 477 2
476 501 2
477 478 2
477 502 2
478 479 2
478 503 2
479 480 2
479 504 2
480 481 2
480 505 2
481 482 2
481 506 2
482 483 
482 507 2
483 484 8
483 508 8
484 485 8
484 509 8
485 486 8
485 510 8
486 487 8
486 511 8
487 488 8
487 512 8
488 489 8
488 513 8
489 490 8
489 514 8
490 491 8
490 515 8
491 492 3
491 516 8
492 493 3
492 517 3
493 494 3
493 518 3
494 495 3
494 519 3
495 496 3
495 520 3
496 497 3
496 521 3
497 498 3
497 522 3
498 499 3
498 523 3
499 524 3
500 501 2
500 525 2
501 502 2
501 526 2
502 503 2
502 527 2
503 504 2
503 528 2
504 505 2
504 529 2
505 506 2
505 530 2
506 507 2
506 531 2
507 508 2
507 532 2
508 509 8
508 533 2
509 510 8
509 534 8
510 511 8
510 535 8
511 512 8
511 536 8
512 513 8
512 537 8
513 514 8
513 538 8
514 515 8
514 539 8
515 516 8
515 540 8
516 517 8
516 541 8
517 518 3
517 542 8
518 519 3
518 543 3
519 520 3
519 544 3
520 521 3
520 545 3
521 522 3
521 546 3
522 523 3
522 547 3
523 524 3
523 548 3
524 549 3
525 526 2
525 550 2
526 527 2
526 551 2
527 528 2
527 552 2
528 529 2
528 553 2
529 530 2
529 554 2
530 531 2
530 555 2
531 532 2
531 556 2
532 533 2
532 557 2
533 534 2
533 558 2
534 535 8
534 559 8
535 536 8
535 560 8
536 537 8
536 561 8
537 538 8
537 562 8
538 539 8
538 563 8
539 540 8
539 564 8
540 541 8
540 565 8
541 542 8
541 566 8
542 543 
542 567 
543 544 3
543 568 
544 545 3
544 569 3
545 546 3
545 570 3
546 547 3
546 571 3
547 548 3
547 572 3
548 549 3
548 573 3
549 574 3
550 551 2
550 575 2
551 552 2
551 576 2
552 553 2
552 577 2
553 554 2
553 578 2
554 555 2
554 579 2
555 556 2
555 580 2
556 557 2
556 581 2
557 558 2
557 582 2
558 559 
558 583 
559 560 8
559 584 
560 561 8
560 585 8
561 562 8
561 586 8
562 563 8
562 587 8
563 564 8
563 588 8
564 565 8
564 589 8
565 566 8
565 590 8
566 567 
566 591 
567 568 
567 592 
568 569 
568 593 
569 570 3
569 594 
570 571 3
570 595 3
571 572 3
571 596 3
572 573 3
572 597 3
573 574 3
573 598 3
574 599 3
575 576 2
575 600 2
576 577 2
576 601 2
577 578 2
577 602 2
578 579 2
578 603 2
579 580 2
579 604 2
580 581 2
580 605 2
581 582 2
581 606 2
582 583 
582 607 
583 584 
583 608 
584 585 
584 609 
585 586 8
585 610 
586 587 8
586 611 8
587 588 8
587 612 8
588 589 8
588 613 8
589 590 8
589 614 8
590 591 
590 615 
591 592 
591 616 
592 593 
592 617 
593 594 
593 618 
594 595 
594 619 
595 596 3
595 620 
596 597 3
596 621 3
597 598 3
597 622 3
598 599 3
598 623 3
599 624 
600 601 2
601 602 2
602 603 2
603 604 2
604 605 2
605 606 2
606 607 
607 608 
608 609 
609 610 
610 611 
611 612 8
612 613 8
613 614 8
614 615 
615 616 
616 617 
617 618 
618 619 
619 620 
620 621 
621 622 3
622 623 3
623 624 
