15 15
1:0.3 2:0.12 3:0.12 4:0.28 5:0.18 
0 1 
0 15 
1 2 4
1 16 
2 3 
2 17 5
3 4 
3 18 3
4 5 4
4 19 
5 6 
5 20 2
6 7 
6 21 
7 8 
7 22 
8 9 
8 23 
9 10 3,4
9 24 4
10 11 
10 25 2
11 12 4
11 26 3
12 13 
12 27 1
13 14 
13 28 1,4
14 29 
15 16 1
15 30 1
16 17 
16 31 
17 18 2,3
17 32 2
18 19 3
18 33 
19 20 1
19 34 
20 21 
20 35 
21 22 
21 36 
22 23 
22 37 4
23 24 
23 38 5
24 25 2
24 39 5
25 26 
25 40 2
26 27 
26 41 
27 28 3
27 42 3
28 29 1,5
28 43 3
29 44 
30 31 
30 45 
31 32 
31 46 
32 33 4
32 47 
33 34 2
33 48 2
34 35 2
34 49 
35 36 2,5
35 50 
36 37 
36 51 
37 38 
37 52 
38 39 2
38 53 
39 40 
39 54 
40 41 
40 55 
41 42 
41 56 
42 43 
42 57 
43 44 
43 58 
44 59 
45 46 4
45 60 
46 47 
46 61 
47 48 3
47 62 
48 49 
48 63 
49 50 
49 64 5
50 51 
50 65 
51 52 
51 66 1
52 53 
52 67 
53 54 1
53 68 1
54 55 
54 69 
55 56 
55 70 
56 57 
56 71 
57 58 
57 72 
58 59 5
58 73 4,5
59 74 
60 61 4
60 75 5
61 62 2
61 76 
62 63 
62 77 2
63 64 
63 78 3
64 65 2
64 79 5
65 66 1
65 80 
66 67 
66 81 1
67 68 1,5
67 82 1
68 69 
68 83 
69 70 3
69 84 
70 71 3,4
70 85 
71 72 
71 86 
72 73 
72 87 
73 74 
73 88 
74 89 3
75 76 
75 90 
76 77 
76 91 
77 78 3
77 92 
78 79 2,4
78 93 4
79 80 1
79 94 5
80 81 
80 95 
81 82 
81 96 4,5
82 83 2
82 97 1,3
83 84 
83 98 4
84 85 1
84 99 
85 86 
85 100 3
86 87 2,3
86 101 
87 88 
87 102 
88 89 
88 103 
89 104 
90 91 1,4
90 105 
91 92 
91 106 3
92 93 2
92 107 4
93 94 
93 108 
94 95 
94 109 
95 96 
95 110 
96 97 4
96 111 1,5
97 98 
97 112 
98 99 4
98 113 
99 100 5
99 114 
100 101 5
100 115 
101 102 
101 116 4,5
102 103 3
102 117 
103 104 3
103 118 1,4
104 119 4
105 106 
105 120 
106 107 4
106 121 
107 108 
107 122 
108 109 4
108 123 4
109 110 5
109 124 
110 111 1
110 125 
111 112 
111 126 
112 113 4
112 127 3
113 114 
113 128 1
114 115 
114 129 
115 116 
115 130 
116 117 
116 131 
117 118 
117 132 4
118 119 2
118 133 2
119 134 
120 121 
120 135 3,5
121 122 
121 136 
122 123 
122 137 4
123 124 2
123 138 
124 125 
124 139 
125 126 
125 140 
126 127 
126 141 4
127 128 1
127 142 
128 129 
128 143 1
129 130 5
129 144 3
130 131 
130 145 1,3
131 132 4
131 146 2
132 133 
132 147 
133 134 
133 148 2
134 149 
135 136 
135 150 2
136 137 4
136 151 1
137 138 
137 152 3,4
138 139 
138 153 
139 140 4
139 154 2
140 141 4
140 155 
141 142 
141 156 
142 143 
142 157 
143 144 4
143 158 
144 145 5
144 159 1
145 146 4
145 160 
146 147 2,5
146 161 
147 148 
147 162 
148 149 
148 163 3
149 164 3
150 151 1
150 165 
151 152 2,3
151 166 
152 153 
152 167 5
153 154 
153 168 
154 155 2
154 169 2,5
155 156 1,5
155 170 1
156 157 
156 171 4
157 158 1
157 172 
158 159 
158 173 1,3
159 160 
159 174 
160 161 
160 175 
161 162 
161 176 
162 163 5
162 177 
163 164 
163 178 3
164 179 
165 166 
165 180 
166 167 
166 181 
167 168 3
167 182 2,5
168 169 
168 183 
169 170 
169 184 
170 171 
170 185 4
171 172 
171 186 4
172 173 
172 187 1
173 174 
173 188 
174 175 
174 189 1
175 176 4
175 190 2,4,5
176 177 
176 191 
177 178 2
177 192 4
178 179 
178 193 
179 194 
180 181 3
180 195 
181 182 
181 196 3
182 183 
182 197 
183 184 4
183 198 3
184 185 
184 199 
185 186 1
185 200 
186 187 
186 201 
187 188 5
187 202 
188 189 
188 203 
189 190 2,4
189 204 4
190 191 
190 205 
191 192 
191 206 
192 193 4
192 207 
193 194 
193 208 
194 209 
195 196 4
195 210 
196 197 
196 211 
197 198 
197 212 4
198 199 
198 213 3
199 200 
199 214 
200 201 
200 215 
201 202 4
201 216 
202 203 
202 217 
203 204 3,4
203 218 
204 205 1
204 219 
205 206 1
205 220 
206 207 
206 221 
207 208 4,5
207 222 2,3
208 209 
208 223 4
209 224 
210 211 5
211 212 
212 213 
213 214 
214 215 
215 216 
216 217 
217 218 
218 219 
219 220 2
220 221 4
221 222 
222 223 
223 224 5
