15 15
1:0.0322581 2:0.0322581 3:0.258065 4:0.354839 5:0.322581 
0 1 3
0 15 
1 2 1
1 16 
2 3 
2 17 
3 4 
3 18 
4 5 
4 19 
5 6 
5 20 3,5
6 7 4
6 21 5
7 8 
7 22 5
8 9 3
8 23 
9 10 
9 24 2
10 11 
10 25 
11 12 4
11 26 
12 13 1
12 27 
13 14 
13 28 
14 29 3
15 16 
15 30 
16 17 
16 31 1,5
17 18 1
17 32 5
18 19 5
18 33 4
19 20 2,4
19 34 2
20 21 
20 35 4
21 22 
21 36 
22 23 
22 37 
23 24 4
23 38 
24 25 
24 39 2,5
25 26 
25 40 5
26 27 3
26 41 
27 28 
27 42 5
28 29 5
28 43 2,3
29 44 1,4
30 31 2
30 45 
31 32 1,4
31 46 
32 33 
32 47 3
33 34 4
33 48 2
34 35 
34 49 
35 36 1,3
35 50 4
36 37 5
36 51 3
37 38 
37 52 
38 39 
38 53 3
39 40 
39 54 
40 41 
40 55 
41 42 1
41 56 
42 43 
42 57 5
43 44 
43 58 2
44 59 1
45 46 
45 60 
46 47 5
46 61 
47 48 1,2
47 62 
48 49 
48 63 
49 50 
49 64 
50 51 3
50 65 
51 52 1
51 66 
52 53 3
52 67 
53 54 
53 68 
54 55 
54 69 3
55 56 
55 70 1,5
56 57 
56 71 1,5
57 58 
57 72 
58 59 
58 73 
59 74 
60 61 
60 75 3
61 62 
61 76 5
62 63 
62 77 
63 64 4
63 78 1
64 65 
64 79 
65 66 
65 80 
66 67 4
66 81 
67 68 
67 82 
68 69 
68 83 2
69 70 
69 84 1
70 71 
70 85 4
71 72 
71 86 1
72 73 
72 87 
73 74 1
73 88 1
74 89 1
75 76 5
75 90 2
76 77 
76 91 1
77 78 2
77 92 
78 79 5
78 93 
79 80 
79 94 
80 81 
80 95 3
81 82 3
81 96 1,2
82 83 4
82 97 
83 84 
83 98 1,5
84 85 
84 99 
85 86 2,4
85 100 
86 87 
86 101 
87 88 5
87 102 
88 89 4
88 103 3
89 104 5
90 91 
90 105 3
91 92 
91 106 
92 93 
92 107 1,3
93 94 
93 108 4
94 95 1
94 109 
95 96 
95 110 
96 97 
96 111 
97 98 5
97 112 
98 99 
98 113 4
99 100 4
99 114 
100 101 
100 115 2
101 102 
101 116 
102 103 
102 117 
103 104 2,3
103 118 
104 119 2,3,5
105 106 1
105 120 
106 107 
106 121 
107 108 4
107 122 
108 109 5
108 123 
109 110 
109 124 
110 111 
110 125 
111 112 
111 126 
112 113 2,3
112 127 4
113 114 1
113 128 
114 115 
114 129 
115 116 
115 130 
116 117 
116 131 3
117 118 4
117 132 
118 119 
118 133 5
119 134 
120 121 
120 135 
121 122 2,4
121 136 2
122 123 3
122 137 
123 124 
123 138 
124 125 
124 139 
125 126 1,3,4,5
125 140 
126 127 
126 141 5
127 128 
127 142 1
128 129 1
128 143 1,3
129 130 
129 144 
130 131 5
130 145 2
131 132 
131 146 
132 133 
132 147 4
133 134 
133 148 4
134 149 
135 136 2
135 150 
136 137 
136 151 
137 138 
137 152 4
138 139 
138 153 
139 140 4
139 154 
140 141 
140 155 
141 142 4
141 156 
142 143 1
142 157 
143 144 2
143 158 3,4
144 145 
144 159 
145 146 
145 160 
146 147 4
146 161 
147 148 
147 162 5
148 149 3
148 163 3
149 164 4
150 151 1
150 165 
151 152 5
151 166 
152 153 
152 167 
153 154 
153 168 
154 155 3
154 169 4
155 156 
155 170 1
156 157 1
156 171 5
157 158 
157 172 
158 159 5
158 173 
159 160 4
159 174 
160 161 5
160 175 
161 162 1,3,5
161 176 1,2
162 163 
162 177 
163 164 2
163 178 
164 179 1,2,4
165 166 
165 180 
166 167 
166 181 
167 168 
167 182 
168 169 
168 183 
169 170 
169 184 
170 171 3
170 185 5
171 172 1
171 186 
172 173 
172 187 3
173 174 
173 188 
174 175 1
174 189 
175 176 
175 190 1,2,4
176 177 1
176 191 
177 178 
177 192 
178 179 
178 193 1
179 194 
180 181 
180 195 3
181 182 
181 196 
182 183 1,3,4
182 197 
183 184 1
183 198 5
184 185 
184 199 1
185 186 
185 200 
186 187 
186 201 4
187 188 5
187 202 
188 189 2
188 203 4
189 190 4
189 204 5
190 191 
190 205 
191 192 2,5
191 206 
192 193 
192 207 4
193 194 4
193 208 2,4
194 209 
195 196 
195 210 5
196 197 
196 211 
197 198 5
197 212 5
198 199 
198 213 4
199 200 
199 214 
200 201 
200 215 
201 202 2
201 216 
202 203 
202 217 
203 204 
203 218 
204 205 
204 219 2
205 206 
205 220 1
206 207 
206 221 5
207 208 
207 222 
208 209 
208 223 
209 224 
210 211 
211 212 
212 213 2
213 214 3,5
214 215 
215 216 
216 217 
217 218 2
218 219 
219 220 
220 221 3
221 222 
222 223 1
223 224 
