15 15
1:0.0294118 2:0.161765 3:0.0735294 4:0.308824 5:0.426471 
0 1 
0 15 4
1 2 
1 16 
2 3 
2 17 2
3 4 4
3 18 2
4 5 
4 19 5
5 6 
5 20 
6 7 
6 21 2,3
7 8 
7 22 
8 9 
8 23 
9 10 2
9 24 
10 11 
10 25 5
11 12 5
11 26 2,3
12 13 
12 27 1
13 14 5
13 28 
14 29 4
15 16 1
15 30 
16 17 2
16 31 
17 18 1,5
17 32 
18 19 
18 33 
19 20 1
19 34 
20 21 1
20 35 2
21 22 
21 36 2
22 23 3,4,5
22 37 
23 24 2
23 38 
24 25 
24 39 
25 26 
25 40 
26 27 
26 41 
27 28 
27 42 
28 29 5
28 43 4
29 44 2
30 31 
30 45 
31 32 1
31 46 
32 33 
32 47 
33 34 2,4
33 48 
34 35 5
34 49 
35 36 
35 50 
36 37 
36 51 
37 38 4
37 52 
38 39 
38 53 2
39 40 5
39 54 5
40 41 
40 55 
41 42 1
41 56 1,2,5
42 43 
42 57 
43 44 4
43 58 
44 59 
45 46 
45 60 
46 47 4
46 61 
47 48 
47 62 2
48 49 5
48 63 5
49 50 
49 64 
50 51 
50 65 3
51 52 2,5
51 66 
52 53 
52 67 
53 54 5
53 68 
54 55 3
54 69 1
55 56 
55 70 
56 57 3
56 71 1
57 58 1,4
57 72 
58 59 
58 73 
59 74 
60 61 
60 75 
61 62 
61 76 1
62 63 1
62 77 
63 64 
63 78 
64 65 
64 79 
65 66 
65 80 
66 67 
66 81 
67 68 1
67 82 
68 69 
68 83 
69 70 
69 84 
70 71 
70 85 
71 72 
71 86 
72 73 
72 87 1
73 74 5
73 88 
74 89 
75 76 
75 90 4
76 77 2
76 91 
77 78 
77 92 
78 79 4
78 93 4
79 80 
79 94 2
80 81 4
80 95 5
81 82 
81 96 1,3
82 83 
82 97 5
83 84 1
83 98 
84 85 2,3
84 99 
85 86 3
85 100 
86 87 
86 101 
87 88 
87 102 
88 89 
88 103 3
89 104 
90 91 
90 105 
91 92 
91 106 
92 93 
92 107 3
93 94 4,5
93 108 
94 95 3,4
94 109 
95 96 
95 110 
96 97 
96 111 
97 98 1,4
97 112 5
98 99 
98 113 1,2,5
99 100 
99 114 2
100 101 3
100 115 4
101 102 
101 116 
102 103 
102 117 2
103 104 3
103 118 
104 119 1
105 106 
105 120 4
106 107 
106 121 
107 108 4
107 122 2
108 109 
108 123 4
109 110 3
109 124 2
110 111 
110 125 5
111 112 5
111 126 
112 113 
112 127 
113 114 
113 128 
114 115 4
114 129 5
115 116 2,4
115 130 
116 117 5
116 131 
117 118 
117 132 4,5
118 119 
118 133 2
119 134 2
120 121 1
120 135 2
121 122 
121 136 
122 123 
122 137 3
123 124 
123 138 
124 125 
124 139 
125 126 
125 140 3
126 127 2
126 141 
127 128 3
127 142 
128 129 1
128 143 
129 130 
129 144 
130 131 3
130 145 
131 132 
131 146 
132 133 
132 147 2
133 134 
133 148 5
134 149 
135 136 4,5
135 150 
136 137 
136 151 4
137 138 
137 152 
138 139 
138 153 
139 140 4
139 154 
140 141 
140 155 
141 142 
141 156 
142 143 1
142 157 
143 144 
143 158 
144 145 
144 159 3,4
145 146 
145 160 1,3
146 147 
146 161 1
147 148 2
147 162 
148 149 
148 163 5
149 164 
150 151 
150 165 
151 152 
151 166 3
152 153 1
152 167 
153 154 
153 168 
154 155 3
154 169 
155 156 
155 170 
156 157 
156 171 
157 158 1,3
157 172 
158 159 3
158 173 
159 160 3
159 174 
160 161 
160 175 
161 162 
161 176 
162 163 
162 177 1,3
163 164 
163 178 
164 179 
165 166 
165 180 
166 167 1,4
166 181 3
167 168 5
167 182 
168 169 5
168 183 
169 170 
169 184 
170 171 3
170 185 1,4
171 172 1
171 186 5
172 173 4
172 187 
173 174 
173 188 
174 175 
174 189 
175 176 
175 190 
176 177 1
176 191 1
177 178 
177 192 
178 179 4
178 193 
179 194 
180 181 2,3
180 195 
181 182 
181 196 
182 183 2
182 197 
183 184 
183 198 
184 185 
184 199 3
185 186 5
185 200 
186 187 
186 201 3
187 188 
187 202 
188 189 
188 203 
189 190 
189 204 
190 191 5
190 205 
191 192 
191 206 
192 193 
192 207 
193 194 
193 208 
194 209 1
195 196 5
195 210 5
196 197 1
196 211 1
197 198 
197 212 
198 199 1
198 213 
199 200 4
199 214 2
200 201 
200 215 5
201 202 
201 216 2
202 203 
202 217 
203 204 4
203 218 
204 205 
204 219 
205 206 2
205 220 3
206 207 4
206 221 
207 208 
207 222 2
208 209 
208 223 
209 224 
210 211 
211 212 5
212 213 3
213 214 
214 215 
215 216 
216 217 
217 218 2
218 219 
219 220 
220 221 2
221 222 
222 223 
223 224 4
