10 10 3
0 0 1 0 2 0 3 1 4 1 5 1 6 2 7 2 8 2 
1 12 56
0 1 0 0 1 0 1 0 0 
1 4 6 
0 1 
0 10 
1 2 
1 11 
2 3 
2 12 
3 4 
3 13 
4 5 8
4 14 
5 6 8
5 15 8
6 7 8
6 16 8
7 8 8
7 17 8
8 9 8
8 18 8
9 19 6,8
10 11 
10 20 
11 12 
11 21 
12 13 
12 22 
13 14 
13 23 
14 15 
14 24 
15 16 8
15 25 0
16 17 8
16 26 8
17 18 8
17 27 8
18 19 6,8
18 28 6,8
19 29 6
20 21 
20 30 
21 22 
21 31 
22 23 
22 32 
23 24 
23 33 
24 25 0
24 34 0,2
25 26 0
25 35 0
26 27 8
26 36 
27 28 6,8
27 37 6,8
28 29 6
28 38 6
29 39 6
30 31 
30 40 
31 32 
31 41 
32 33 
32 42 5
33 34 0,2
33 43 2
34 35 0,2
34 44 0,2
35 36 0
35 45 0
36 37 6
36 46 0
37 38 6
37 47 6
38 39 6
38 48 1,6
39 49 6
40 41 
40 50 
41 42 5
41 51 5
42 43 2,5
42 52 5
43 44 0,2
43 53 2
44 45 0,2
44 54 0,2
45 46 0
45 55 0,2
46 47 0
46 56 0
47 48 1,6
47 57 1,7
48 49 1,6
48 58 1,6
49 59 6
50 51 5
50 60 
51 52 5
51 61 5
52 53 2,5
52 62 5
53 54 2
53 63 2,5
54 55 0,2
54 64 2
55 56 0,2
55 65 0,2
56 57 1,7
56 66 4,7
57 58 1,7
57 67 1,7
58 59 1,6
58 68 1
59 69 1,6
60 61 5
60 70 
61 62 5
61 71 5
62 63 5
62 72 3,5
63 64 2,5
63 73 5
64 65 2
64 74 2
65 66 4,7
65 75 4
66 67 1,4,7
66 76 4,7
67 68 1,7
67 77 1,7
68 69 1
68 78 1,7
69 79 1
70 71 
70 80 
71 72 3,5
71 81 3
72 73 3,5
72 82 3,5
73 74 
73 83 3
74 75 4
74 84 
75 76 4,7
75 85 4
76 77 4,7
76 86 4,7
77 78 1,7
77 87 4,7
78 79 1,7
78 88 1,7
79 89 
80 81 3
80 90 3
81 82 3
81 91 3
82 83 3
82 92 3
83 84 3
83 93 3
84 85 4
84 94 3
85 86 4
85 95 4
86 87 4,7
86 96 4
87 88 4,7
87 97 4,7
88 89 
88 98 
89 99 
90 91 3
91 92 3
92 93 3
93 94 3
94 95 3
95 96 4
96 97 4
97 98 
98 99 
