50 50 0.502245
0:0.271496 1:0.0173319 2:0.235117 3:0.0720151 4:0.206969 5:0.0134137 6:0.183657 7:0.2415 8:0.139108 9:0.158863 10:0.105915 11:0.119239 12:0.0895186 13:0.145856 14:0.154572 15:0.205094 16:0.0985276 17:0.051136 18:0.358732 19:0.122423 20:0.00951572 21:0.0772125 22:0.120988 23:0.131394 24:0.0815816 25:0.25481 26:0.223522 27:0.110492 28:0.276232 29:0.242628 30:0.0284571 31:0.192513 32:0.0077616 33:0.182897 34:0.0695113 35:0.0993459 36:0.101519 37:0.168208 38:0.0964069 39:0.0842033 40:0.0940643 41:0.356253 
0 0 1 0 2 0 3 0 4 0 5 0 6 0 7 1 8 1 9 1 10 1 11 1 12 1 13 1 14 2 15 2 16 2 17 2 18 2 19 2 20 2 21 3 22 3 23 3 24 3 25 3 26 3 27 3 28 4 29 4 30 4 31 4 32 4 33 4 34 4 35 5 36 5 37 5 38 5 39 5 40 5 41 5 
14,15,16,17,18,19,20,
390
1427 969 1562 1575 1322 1222 1472 
0 1 
0 50 
1 2 
1 51 
2 3 8
2 52 8
3 4 8
3 53 8
4 5 8
4 54 8
5 6 8
5 55 8
6 7 
6 56 
7 8 
7 57 
8 9 
8 58 
9 10 
9 59 
10 11 
10 60 
11 12 
11 61 11
12 13 
12 62 
13 14 
13 63 
14 15 
14 64 
15 16 
15 65 
16 17 
16 66 
17 18 
17 67 
18 19 
18 68 
19 20 
19 69 
20 21 
20 70 
21 22 
21 71 
22 23 
22 72 
23 24 
23 73 
24 25 
24 74 
25 26 
25 75 
26 27 
26 76 
27 28 
27 77 
28 29 
28 78 
29 30 
29 79 
30 31 
30 80 
31 32 
31 81 
32 33 
32 82 
33 34 
33 83 
34 35 
34 84 
35 36 
35 85 
36 37 
36 86 
37 38 
37 87 
38 39 
38 88 
39 40 
39 89 
40 41 
40 90 
41 42 
41 91 
42 43 
42 92 
43 44 
43 93 
44 45 
44 94 
45 46 
45 95 
46 47 
46 96 
47 48 
47 97 
48 49 
48 98 
49 99 
50 51 
50 100 
51 52 8
51 101 
52 53 8
52 102 8
53 54 8
53 103 8
54 55 8
54 104 8
55 56 8
55 105 8
56 57 
56 106 8
57 58 
57 107 
58 59 
58 108 
59 60 
59 109 
60 61 11
60 110 11
61 62 11
61 111 11
62 63 
62 112 11
63 64 
63 113 
64 65 
64 114 
65 66 
65 115 
66 67 
66 116 
67 68 
67 117 
68 69 
68 118 
69 70 
69 119 
70 71 
70 120 
71 72 
71 121 
72 73 
72 122 
73 74 
73 123 
74 75 
74 124 
75 76 
75 125 
76 77 
76 126 
77 78 
77 127 
78 79 
78 128 
79 80 
79 129 
80 81 
80 130 
81 82 
81 131 
82 83 
82 132 
83 84 
83 133 
84 85 
84 134 
85 86 
85 135 
86 87 
86 136 
87 88 
87 137 
88 89 
88 138 
89 90 
89 139 
90 91 
90 140 
91 92 
91 141 
92 93 
92 142 
93 94 
93 143 
94 95 
94 144 
95 96 
95 145 
96 97 
96 146 
97 98 
97 147 
98 99 
98 148 
99 149 
100 101 
100 150 
101 102 8
101 151 8
102 103 8
102 152 8
103 104 8
103 153 8
104 105 8
104 154 8,10
105 106 8
105 155 8
106 107 8
106 156 8
107 108 
107 157 8
108 109 
108 158 
109 110 11
109 159 11
110 111 11
110 160 11
111 112 11
111 161 11
112 113 11
112 162 11
113 114 
113 163 11
114 115 
114 164 
115 116 
115 165 
116 117 
116 166 
117 118 
117 167 
118 119 
118 168 
119 120 
119 169 
120 121 
120 170 
121 122 
121 171 
122 123 
122 172 
123 124 
123 173 
124 125 
124 174 
125 126 
125 175 
126 127 
126 176 
127 128 
127 177 
128 129 
128 178 
129 130 
129 179 
130 131 
130 180 
131 132 
131 181 
132 133 
132 182 
133 134 
133 183 
134 135 
134 184 
135 136 
135 185 
136 137 
136 186 
137 138 
137 187 
138 139 
138 188 
139 140 
139 189 
140 141 
140 190 
141 142 
141 191 
142 143 
142 192 
143 144 
143 193 
144 145 
144 194 
145 146 
145 195 
146 147 
146 196 
147 148 
147 197 
148 149 
148 198 
149 199 
150 151 8
150 200 8
151 152 8
151 201 8
152 153 8
152 202 8
153 154 8,10
153 203 8
154 155 8,10
154 204 8,10
155 156 8
155 205 8
156 157 8
156 206 7,8
157 158 8
157 207 8
158 159 11
158 208 8,11
159 160 11
159 209 11
160 161 11
160 210 11
161 162 11
161 211 11
162 163 11
162 212 11
163 164 11
163 213 11
164 165 
164 214 11
165 166 
165 215 
166 167 
166 216 
167 168 
167 217 
168 169 
168 218 
169 170 
169 219 
170 171 
170 220 
171 172 
171 221 
172 173 
172 222 
173 174 
173 223 
174 175 
174 224 
175 176 
175 225 
176 177 
176 226 
177 178 
177 227 
178 179 
178 228 
179 180 
179 229 
180 181 
180 230 
181 182 
181 231 
182 183 
182 232 
183 184 
183 233 
184 185 
184 234 
185 186 
185 235 
186 187 
186 236 
187 188 
187 237 
188 189 
188 238 
189 190 
189 239 
190 191 
190 240 
191 192 
191 241 
192 193 
192 242 
193 194 
193 243 
194 195 
194 244 
195 196 
195 245 
196 197 
196 246 
197 198 
197 247 
198 199 
198 248 
199 249 
200 201 8
200 250 8
201 202 8
201 251 8
202 203 8
202 252 8
203 204 8,10
203 253 8,10
204 205 8,10
204 254 8,10
205 206 7,8
205 255 7,8,10
206 207 7,8
206 256 7,8
207 208 8,11
207 257 7,8,11
208 209 8,11
208 258 8,11
209 210 11
209 259 8,11
210 211 11
210 260 11
211 212 11
211 261 11
212 213 11
212 262 11
213 214 11
213 263 11
214 215 11
214 264 11
215 216 
215 265 11
216 217 
216 266 
217 218 
217 267 
218 219 
218 268 
219 220 
219 269 
220 221 
220 270 
221 222 
221 271 
222 223 
222 272 
223 224 
223 273 
224 225 
224 274 
225 226 
225 275 
226 227 
226 276 
227 228 
227 277 
228 229 
228 278 
229 230 
229 279 
230 231 
230 280 
231 232 
231 281 
232 233 
232 282 
233 234 
233 283 
234 235 
234 284 
235 236 
235 285 
236 237 
236 286 
237 238 
237 287 
238 239 
238 288 
239 240 
239 289 
240 241 
240 290 
241 242 
241 291 
242 243 
242 292 
243 244 
243 293 
244 245 
244 294 
245 246 
245 295 
246 247 
246 296 
247 248 
247 297 
248 249 
248 298 
249 299 
250 251 8
250 300 8
251 252 8
251 301 8
252 253 8,10
252 302 8,10
253 254 8,10
253 303 8,10
254 255 7,8,10
254 304 7,8,10
255 256 7,8,10
255 305 7,8,10
256 257 7,8,11
256 306 7,8,10,11
257 258 7,8,11
257 307 7,8,11
258 259 8,11
258 308 7,8,11
259 260 8,11
259 309 8,11
260 261 11
260 310 11
261 262 11
261 311 11
262 263 11
262 312 11
263 264 11
263 313 11
264 265 11
264 314 11
265 266 11
265 315 11
266 267 
266 316 11
267 268 
267 317 
268 269 
268 318 
269 270 
269 319 
270 271 
270 320 
271 272 
271 321 
272 273 
272 322 
273 274 
273 323 
274 275 
274 324 
275 276 
275 325 
276 277 
276 326 
277 278 
277 327 
278 279 
278 328 
279 280 
279 329 
280 281 
280 330 
281 282 
281 331 
282 283 
282 332 
283 284 
283 333 
284 285 
284 334 
285 286 
285 335 
286 287 
286 336 
287 288 
287 337 
288 289 
288 338 
289 290 
289 339 
290 291 
290 340 
291 292 
291 341 
292 293 
292 342 
293 294 
293 343 
294 295 
294 344 
295 296 
295 345 
296 297 
296 346 
297 298 
297 347 
298 299 
298 348 
299 349 
300 301 8
300 350 8
301 302 8,10
301 351 8,10
302 303 8,10
302 352 8,10
303 304 7,8,10
303 353 7,8,10
304 305 7,8,10
304 354 7,8,10
305 306 7,8,10,11
305 355 7,8,10,12
306 307 7,8,10,11
306 356 7,8,10,11
307 308 7,8,11
307 357 7,8,9,10,11
308 309 7,8,11
308 358 7,8,11
309 310 11
309 359 7,11
310 311 11
310 360 11
311 312 11
311 361 11
312 313 11
312 362 11
313 314 11
313 363 11
314 315 11
314 364 11
315 316 11
315 365 11
316 317 11
316 366 11
317 318 
317 367 
318 319 
318 368 
319 320 
319 369 
320 321 
320 370 
321 322 
321 371 
322 323 
322 372 
323 324 
323 373 
324 325 
324 374 
325 326 
325 375 
326 327 
326 376 
327 328 
327 377 
328 329 
328 378 
329 330 
329 379 
330 331 
330 380 
331 332 
331 381 
332 333 
332 382 
333 334 
333 383 
334 335 
334 384 
335 336 
335 385 
336 337 
336 386 
337 338 
337 387 
338 339 
338 388 
339 340 
339 389 
340 341 
340 390 
341 342 
341 391 
342 343 
342 392 
343 344 
343 393 
344 345 
344 394 
345 346 
345 395 
346 347 
346 396 
347 348 
347 397 
348 349 
348 398 
349 399 
350 351 8,10
350 400 10
351 352 8,10
351 401 8,10
352 353 7,8,10
352 402 7,8,10
353 354 7,8,10
353 403 7,8,10
354 355 7,8,10,12
354 404 7,8,10,12
355 356 7,8,10,12
355 405 7,8,10,12
356 357 7,8,9,10,11
356 406 7,8,9,10,12
357 358 7,8,9,10,11
357 407 7,8,9,10,11
358 359 7,11
358 408 7,9,10,11
359 360 7,11
359 409 7,11
360 361 11
360 410 7,11,13
361 362 11
361 411 11
362 363 11
362 412 11
363 364 11
363 413 11
364 365 11
364 414 11
365 366 11
365 415 11
366 367 
366 416 
367 368 
367 417 
368 369 
368 418 
369 370 
369 419 
370 371 
370 420 
371 372 
371 421 
372 373 
372 422 
373 374 
373 423 
374 375 
374 424 
375 376 
375 425 
376 377 
376 426 
377 378 
377 427 
378 379 
378 428 
379 380 
379 429 
380 381 
380 430 
381 382 
381 431 
382 383 
382 432 
383 384 
383 433 
384 385 
384 434 
385 386 
385 435 
386 387 
386 436 
387 388 
387 437 
388 389 
388 438 
389 390 
389 439 
390 391 
390 440 
391 392 
391 441 
392 393 
392 442 
393 394 
393 443 
394 395 
394 444 
395 396 
395 445 
396 397 
396 446 
397 398 
397 447 
398 399 
398 448 
399 449 
400 401 10
400 450 10
401 402 7,8,10
401 451 7,10
402 403 7,8,10
402 452 7,8,10
403 404 7,8,10,12
403 453 7,8,10,12
404 405 7,8,10,12
404 454 7,8,10,12
405 406 7,8,9,10,12
405 455 7,8,9,10,12
406 407 7,8,9,10,12
406 456 7,8,9,10,12
407 408 7,9,10,11
407 457 7,9,10,12
408 409 7,9,10,11
408 458 7,9,10,11
409 410 7,11,13
409 459 7,9,10,11,13
410 411 7,11,13
410 460 7,11,13
411 412 11
411 461 7,11,13
412 413 11
412 462 11
413 414 11
413 463 11
414 415 11
414 464 11
415 416 
415 465 
416 417 
416 466 
417 418 
417 467 
418 419 
418 468 
419 420 
419 469 
420 421 
420 470 
421 422 
421 471 
422 423 
422 472 
423 424 
423 473 
424 425 
424 474 
425 426 
425 475 
426 427 
426 476 
427 428 
427 477 
428 429 
428 478 
429 430 
429 479 
430 431 
430 480 
431 432 
431 481 
432 433 
432 482 
433 434 
433 483 
434 435 
434 484 
435 436 
435 485 
436 437 
436 486 
437 438 
437 487 
438 439 
438 488 
439 440 
439 489 
440 441 
440 490 
441 442 
441 491 
442 443 
442 492 
443 444 
443 493 
444 445 
444 494 
445 446 
445 495 
446 447 
446 496 
447 448 
447 497 
448 449 
448 498 
449 499 
450 451 7,10
450 500 10
451 452 7,10
451 501 7,10
452 453 7,8,10,12
452 502 7,10,12
453 454 7,8,10,12
453 503 7,8,10,12
454 455 7,8,9,10,12
454 504 7,8,9,10,12
455 456 7,8,9,10,12
455 505 7,8,9,10,12
456 457 7,9,10,12
456 506 7,9,10,12
457 458 7,9,10,12
457 507 7,9,10,12
458 459 7,9,10,11,13
458 508 7,9,10,12,13
459 460 7,9,10,11,13
459 509 7,9,10,11,13
460 461 7,11,13
460 510 7,9,11,13
461 462 7,11,13
461 511 7,11,13
462 463 11
462 512 11,13
463 464 11
463 513 11
464 465 
464 514 
465 466 
465 515 
466 467 
466 516 
467 468 
467 517 
468 469 
468 518 
469 470 
469 519 
470 471 
470 520 
471 472 
471 521 
472 473 
472 522 
473 474 
473 523 
474 475 
474 524 
475 476 
475 525 
476 477 
476 526 
477 478 
477 527 
478 479 
478 528 
479 480 
479 529 
480 481 
480 530 
481 482 
481 531 
482 483 
482 532 
483 484 
483 533 
484 485 
484 534 
485 486 
485 535 
486 487 
486 536 
487 488 
487 537 
488 489 
488 538 
489 490 
489 539 
490 491 
490 540 
491 492 
491 541 
492 493 
492 542 
493 494 
493 543 
494 495 
494 544 
495 496 
495 545 
496 497 
496 546 
497 498 
497 547 
498 499 
498 548 
499 549 
500 501 10
500 550 10
501 502 7,10,12
501 551 10,12
502 503 7,10,12
502 552 7,10,12
503 504 7,8,9,10,12
503 553 7,9,10,12
504 505 7,8,9,10,12
504 554 7,8,9,10,12
505 506 7,9,10,12
505 555 7,9,10,12
506 507 7,9,10,12
506 556 7,9,10,12
507 508 7,9,10,12,13
507 557 7,9,10,12,13
508 509 7,9,10,12,13
508 558 7,9,10,12,13
509 510 7,9,11,13
509 559 7,9,12,13
510 511 7,9,11,13
510 560 7,9,11,13
511 512 11,13
511 561 9,11,13
512 513 11,13
512 562 11,13
513 514 
513 563 13
514 515 
514 564 
515 516 
515 565 
516 517 
516 566 
517 518 
517 567 
518 519 
518 568 
519 520 
519 569 
520 521 
520 570 
521 522 
521 571 
522 523 
522 572 
523 524 
523 573 
524 525 
524 574 
525 526 
525 575 
526 527 
526 576 
527 528 
527 577 
528 529 
528 578 
529 530 
529 579 
530 531 
530 580 
531 532 
531 581 
532 533 
532 582 
533 534 
533 583 
534 535 
534 584 
535 536 
535 585 
536 537 
536 586 
537 538 
537 587 
538 539 
538 588 
539 540 
539 589 
540 541 
540 590 
541 542 
541 591 
542 543 
542 592 
543 544 
543 593 2
544 545 
544 594 
545 546 
545 595 
546 547 
546 596 
547 548 
547 597 
548 549 
548 598 
549 599 
550 551 10,12
550 600 12
551 552 10,12
551 601 10,12
552 553 7,9,10,12
552 602 9,10,12
553 554 7,9,10,12
553 603 7,9,10,12
554 555 7,9,10,12
554 604 7,9,10,12
555 556 7,9,10,12
555 605 7,9,10,12
556 557 7,9,10,12,13
556 606 7,9,10,12,13
557 558 7,9,10,12,13
557 607 7,9,10,12,13
558 559 7,9,12,13
558 608 7,9,12,13
559 560 7,9,12,13
559 609 7,9,12,13
560 561 9,13
560 610 9,12,13
561 562 9,13
561 611 9,13
562 563 13
562 612 9,13
563 564 13
563 613 13
564 565 
564 614 13
565 566 
565 615 
566 567 
566 616 
567 568 
567 617 
568 569 
568 618 
569 570 
569 619 
570 571 
570 620 
571 572 
571 621 
572 573 
572 622 
573 574 
573 623 
574 575 
574 624 
575 576 
575 625 
576 577 
576 626 
577 578 
577 627 
578 579 
578 628 
579 580 
579 629 
580 581 
580 630 
581 582 
581 631 
582 583 
582 632 
583 584 
583 633 
584 585 
584 634 
585 586 
585 635 
586 587 
586 636 
587 588 
587 637 
588 589 
588 638 
589 590 
589 639 
590 591 
590 640 
591 592 
591 641 6
592 593 2
592 642 2
593 594 2
593 643 2
594 595 
594 644 2
595 596 
595 645 
596 597 
596 646 
597 598 
597 647 
598 599 
598 648 
599 649 
600 601 12
600 650 12
601 602 9,10,12
601 651 12
602 603 9,10,12
602 652 9,10,12
603 604 7,9,10,12
603 653 9,10,12
604 605 7,9,10,12
604 654 7,9,10,12
605 606 7,9,10,12,13
605 655 7,9,10,12,13
606 607 7,9,10,12,13
606 656 7,9,10,12,13
607 608 7,9,12,13
607 657 7,9,12,13
608 609 7,9,12,13
608 658 7,9,12,13
609 610 9,12,13
609 659 9,12,13
610 611 9,12,13
610 660 9,12,13
611 612 9,13
611 661 9,13
612 613 9,13
612 662 9,13
613 614 13
613 663 13
614 615 13
614 664 13
615 616 
615 665 13
616 617 
616 666 37
617 618 
617 667 
618 619 
618 668 
619 620 
619 669 
620 621 
620 670 
621 622 
621 671 
622 623 
622 672 
623 624 
623 673 
624 625 
624 674 
625 626 
625 675 
626 627 
626 676 
627 628 
627 677 
628 629 
628 678 
629 630 
629 679 
630 631 
630 680 
631 632 
631 681 
632 633 
632 682 
633 634 
633 683 
634 635 
634 684 
635 636 
635 685 
636 637 
636 686 
637 638 
637 687 
638 639 
638 688 
639 640 
639 689 
640 641 6
640 690 6
641 642 2,6
641 691 2,6
642 643 2
642 692 2,6
643 644 2
643 693 2
644 645 2
644 694 2,3
645 646 
645 695 2
646 647 
646 696 
647 648 
647 697 
648 649 
648 698 
649 699 
650 651 12
650 700 
651 652 12
651 701 12
652 653 9,10,12
652 702 12
653 654 9,10,12
653 703 9,10,12
654 655 7,9,10,12,13
654 704 9,10,12
655 656 7,9,10,12,13
655 705 7,9,10,12,13
656 657 7,9,12,13
656 706 7,9,12,13
657 658 7,9,12,13
657 707 7,9,12,13
658 659 9,12,13
658 708 9,12,13
659 660 9,12,13
659 709 9,12,13
660 661 9,13
660 710 9,13
661 662 9,13
661 711 9,13
662 663 13
662 712 13
663 664 13
663 713 13
664 665 13
664 714 13
665 666 13,37
665 715 13,37
666 667 37
666 716 37
667 668 
667 717 37
668 669 
668 718 
669 670 
669 719 
670 671 
670 720 
671 672 
671 721 
672 673 
672 722 
673 674 
673 723 
674 675 
674 724 
675 676 
675 725 
676 677 
676 726 
677 678 
677 727 
678 679 
678 728 
679 680 
679 729 
680 681 
680 730 
681 682 
681 731 
682 683 
682 732 
683 684 
683 733 
684 685 
684 734 
685 686 
685 735 
686 687 
686 736 
687 688 
687 737 
688 689 
688 738 0
689 690 6
689 739 6
690 691 2,6
690 740 2,6
691 692 2,6
691 741 2,6
692 693 2,6
692 742 2,6
693 694 2,3
693 743 2,3,6
694 695 2,3
694 744 2,3
695 696 2
695 745 2,3
696 697 
696 746 2
697 698 
697 747 
698 699 
698 748 
699 749 
700 701 
700 750 
701 702 12
701 751 
702 703 12
702 752 12
703 704 9,10,12
703 753 12
704 705 9,10,12
704 754 9,10,12
705 706 9,12,13
705 755 9,12
706 707 9,12,13
706 756 9,12,13
707 708 9,12,13
707 757 9,12,13
708 709 9,12,13
708 758 9,12,13
709 710 9,13
709 759 9,13
710 711 9,13
710 760 9,13
711 712 13
711 761 13
712 713 13
712 762 13
713 714 13
713 763 13
714 715 13,37
714 764 13,37
715 716 37
715 765 37
716 717 37
716 766 37
717 718 37
717 767 37
718 719 
718 768 37
719 720 
719 769 
720 721 
720 770 
721 722 
721 771 
722 723 
722 772 
723 724 
723 773 
724 725 
724 774 
725 726 
725 775 
726 727 
726 776 
727 728 
727 777 
728 729 
728 778 
729 730 
729 779 
730 731 
730 780 
731 732 
731 781 
732 733 
732 782 4
733 734 
733 783 
734 735 
734 784 
735 736 
735 785 
736 737 
736 786 
737 738 0
737 787 0
738 739 0,6
738 788 0,6
739 740 2,6
739 789 0,2,6
740 741 2,6
740 790 2,6
741 742 2,6
741 791 1,2,6
742 743 2,3,6
742 792 2,3,6
743 744 2,3,6
743 793 2,3,6
744 745 2,3
744 794 2,3,6
745 746 2,3
745 795 2,3
746 747 2
746 796 2,3
747 748 
747 797 2
748 749 
748 798 
749 799 
750 751 
750 800 
751 752 
751 801 
752 753 12
752 802 
753 754 12
753 803 12
754 755 9,12
754 804 12
755 756 9,12
755 805 9,12
756 757 9,12,13
756 806 9,12
757 758 9,12,13
757 807 9,12,13
758 759 9,13
758 808 9,13
759 760 9,13
759 809 9,13
760 761 13
760 810 13
761 762 13
761 811 13
762 763 13
762 812 13
763 764 13,37
763 813 13,37
764 765 37
764 814 37
765 766 37
765 815 37
766 767 37
766 816 37
767 768 37
767 817 37
768 769 37
768 818 37
769 770 
769 819 37,38
770 771 
770 820 39
771 772 
771 821 
772 773 
772 822 
773 774 
773 823 
774 775 
774 824 
775 776 
775 825 
776 777 
776 826 
777 778 
777 827 
778 779 
778 828 
779 780 
779 829 
780 781 
780 830 
781 782 4
781 831 4
782 783 4
782 832 4
783 784 
783 833 4
784 785 
784 834 
785 786 
785 835 
786 787 0
786 836 0
787 788 0,6
787 837 0,6
788 789 0,2,6
788 838 0,2,6
789 790 0,2,6
789 839 0,2,6
790 791 1,2,6
790 840 0,1,2,6
791 792 1,2,3,6
791 841 1,2,3,6
792 793 2,3,6
792 842 1,2,3,6
793 794 2,3,6
793 843 2,3,6
794 795 2,3,6
794 844 2,3,6
795 796 2,3
795 845 2,3,6
796 797 2,3
796 846 2,3
797 798 2
797 847 2,3
798 799 
798 848 2
799 849 
800 801 
800 850 
801 802 
801 851 
802 803 
802 852 
803 804 12
803 853 
804 805 12
804 854 12
805 806 9,12
805 855 12
806 807 9,12
806 856 9,12
807 808 9,13
807 857 9
808 809 9,13
808 858 9,13
809 810 13
809 859 13
810 811 13
810 860 13
811 812 13
811 861 13,36
812 813 13,37
812 862 13,37
813 814 37
813 863 37
814 815 37
814 864 37
815 816 37
815 865 37
816 817 37
816 866 37
817 818 37
817 867 37
818 819 37,38
818 868 37,38
819 820 37,38,39
819 869 37,38,39
820 821 39
820 870 37,38,39,41
821 822 
821 871 39
822 823 
822 872 
823 824 
823 873 
824 825 
824 874 
825 826 
825 875 
826 827 
826 876 19
827 828 
827 877 
828 829 
828 878 
829 830 
829 879 
830 831 4
830 880 4
831 832 4
831 881 4
832 833 4
832 882 4
833 834 4
833 883 4
834 835 
834 884 4
835 836 0
835 885 0
836 837 0,6
836 886 0,6
837 838 0,2,6
837 887 0,6
838 839 0,2,6
838 888 0,2,6
839 840 0,1,2,6
839 889 0,1,2,6
840 841 0,1,2,3,6
840 890 0,1,2,3,6
841 842 1,2,3,6
841 891 0,1,2,3,6
842 843 1,2,3,6
842 892 1,2,3,6
843 844 2,3,6
843 893 1,2,3,6
844 845 2,3,6
844 894 2,3,6
845 846 2,3,6
845 895 2,3,6
846 847 2,3
846 896 2,3,6
847 848 2,3
847 897 2,3
848 849 2
848 898 2,3
849 899 
850 851 
850 900 
851 852 
851 901 
852 853 
852 902 
853 854 
853 903 
854 855 
854 904 
855 856 
855 905 
856 857 
856 906 
857 858 
857 907 
858 859 13
858 908 
859 860 13
859 909 13
860 861 13,36
860 910 13,36
861 862 13,36,37
861 911 13,36,37
862 863 37
862 912 36,37
863 864 37
863 913 37
864 865 37
864 914 37
865 866 37
865 915 37
866 867 37
866 916 37
867 868 37,38
867 917 37,38
868 869 37,38,39
868 918 37,38,39
869 870 37,38,39,41
869 919 37,38,39,41
870 871 37,38,39,41
870 920 37,38,39,41
871 872 39
871 921 37,38,39,41
872 873 
872 922 39
873 874 
873 923 
874 875 
874 924 
875 876 19
875 925 19
876 877 19
876 926 19
877 878 
877 927 19
878 879 
878 928 
879 880 4
879 929 4
880 881 4
880 930 4
881 882 4
881 931 4
882 883 4
882 932 4
883 884 4
883 933 4
884 885 0,4
884 934 0,4
885 886 0,6
885 935 0,4
886 887 0,6
886 936 0,6
887 888 0,6
887 937 0,6
888 889 0,1,2,6
888 938 0,1,6
889 890 0,1,2,3,6
889 939 0,1,2,3,6
890 891 0,1,2,3,6
890 940 0,1,2,3,6
891 892 0,1,2,3,6
891 941 0,1,2,3,6
892 893 1,2,3,6
892 942 0,1,2,3,6
893 894 1,2,3,6
893 943 1,2,3,6
894 895 2,3,6
894 944 1,2,3,6
895 896 2,3,6
895 945 2,3,6
896 897 2,3,6
896 946 2,3,6
897 898 2,3
897 947 2,3
898 899 3
898 948 3
899 949 3
900 901 
900 950 
901 902 
901 951 
902 903 
902 952 
903 904 
903 953 
904 905 
904 954 
905 906 
905 955 
906 907 
906 956 
907 908 
907 957 
908 909 
908 958 
909 910 36
909 959 36
910 911 36,37
910 960 36
911 912 36,37
911 961 36,37
912 913 36,37
912 962 36,37
913 914 37
913 963 36,37
914 915 37
914 964 35,37
915 916 37
915 965 37
916 917 37,38
916 966 37,38
917 918 37,38,39
917 967 37,38,39
918 919 37,38,39,41
918 968 37,38,39,41
919 920 37,38,39,41
919 969 37,38,39,41
920 921 37,38,39,41
920 970 37,38,39,41
921 922 37,38,39,41
921 971 37,38,39,41
922 923 39
922 972 38,39,41
923 924 
923 973 39
924 925 19
924 974 19
925 926 19
925 975 19
926 927 19
926 976 19
927 928 19
927 977 19
928 929 4
928 978 4,19
929 930 4
929 979 4
930 931 4
930 980 4
931 932 4
931 981 4
932 933 4
932 982 4
933 934 0,4
933 983 0,4
934 935 0,4
934 984 0,4
935 936 0,4
935 985 0,4
936 937 0,6
936 986 0,4
937 938 0,1,6
937 987 0,1,6
938 939 0,1,3,6
938 988 0,1,6
939 940 0,1,2,3,6
939 989 0,1,3,6
940 941 0,1,2,3,6
940 990 0,1,2,3,6
941 942 0,1,2,3,6
941 991 0,1,2,3,6
942 943 0,1,2,3,6
942 992 0,1,2,3,6
943 944 1,2,3,6
943 993 0,1,2,3,6
944 945 1,2,3,6
944 994 1,2,3,6
945 946 2,3,6
945 995 1,2,3,6
946 947 2,3
946 996 2,3
947 948 3
947 997 3
948 949 3
948 998 3
949 999 3
950 951 
950 1000 
951 952 
951 1001 
952 953 
952 1002 
953 954 
953 1003 
954 955 
954 1004 
955 956 
955 1005 
956 957 
956 1006 
957 958 
957 1007 
958 959 36
958 1008 36
959 960 36
959 1009 36
960 961 36
960 1010 36
961 962 36,37
961 1011 36,40
962 963 36,37
962 1012 36,37
963 964 35,36,37
963 1013 35,36,37
964 965 35,37
964 1014 35,36,37
965 966 37,38
965 1015 35,37,38
966 967 37,38,39
966 1016 37,38,39
967 968 37,38,39,41
967 1017 37,38,39,41
968 969 37,38,39,41
968 1018 37,38,39,41
969 970 37,38,39,41
969 1019 15,37,38,39,41
970 971 37,38,39,41
970 1020 37,38,39,41
971 972 38,39,41
971 1021 38,39,41
972 973 38,39,41
972 1022 38,39,41
973 974 19,39
973 1023 19,38,39,41
974 975 19
974 1024 19,39
975 976 19
975 1025 19
976 977 19
976 1026 19
977 978 4,19
977 1027 4,19
978 979 4,19
978 1028 4,19
979 980 4
979 1029 4,19
980 981 4
980 1030 4
981 982 4
981 1031 4
982 983 0,4
982 1032 4
983 984 0,4
983 1033 0,4
984 985 0,4
984 1034 0,4
985 986 0,4
985 1035 0,4,5
986 987 0,1,4
986 1036 0,1,4
987 988 0,1,6
987 1037 0,1,4
988 989 0,1,6
988 1038 0,1,6
989 990 0,1,3,6
989 1039 0,1,6
990 991 0,1,2,3,6
990 1040 0,1,3,6
991 992 0,1,2,3,6
991 1041 0,1,2,3,6
992 993 0,1,2,3,6
992 1042 0,1,2,3,6
993 994 0,1,2,3,6
993 1043 0,1,2,3,6
994 995 1,2,3,6
994 1044 1,2,3,6
995 996 1,2,3
995 1045 1,2,3
996 997 3
996 1046 1,3
997 998 3
997 1047 3
998 999 3
998 1048 3
999 1049 
1000 1001 
1000 1050 
1001 1002 
1001 1051 
1002 1003 
1002 1052 
1003 1004 
1003 1053 
1004 1005 
1004 1054 27
1005 1006 
1005 1055 
1006 1007 
1006 1056 
1007 1008 36
1007 1057 36
1008 1009 36
1008 1058 36
1009 1010 36
1009 1059 36
1010 1011 36,40
1010 1060 36,40
1011 1012 36,40
1011 1061 36,40
1012 1013 35,36,37
1012 1062 35,36,40
1013 1014 35,36,37
1013 1063 35,36,37
1014 1015 35,36,37,38
1014 1064 35,36,37,38
1015 1016 35,37,38,39
1015 1065 35,36,37,38,39
1016 1017 37,38,39,41
1016 1066 35,37,38,39,41
1017 1018 37,38,39,41
1017 1067 37,38,39,41
1018 1019 15,37,38,39,41
1018 1068 15,37,38,39,41
1019 1020 15,37,38,39,41
1019 1069 15,37,38,39,41
1020 1021 38,39,41
1020 1070 15,38,39,41
1021 1022 38,39,41
1021 1071 38,39,41
1022 1023 19,38,39,41
1022 1072 19,38,39,41
1023 1024 19,38,39,41
1023 1073 19,38,39,41
1024 1025 19,39
1024 1074 19,38,39,41
1025 1026 19
1025 1075 19,39
1026 1027 4,19
1026 1076 19
1027 1028 4,19
1027 1077 4,19
1028 1029 4,19
1028 1078 4,19
1029 1030 4,19
1029 1079 4,19
1030 1031 4
1030 1080 4,19
1031 1032 4
1031 1081 4
1032 1033 4
1032 1082 4
1033 1034 0,4
1033 1083 4
1034 1035 0,4,5
1034 1084 0,4,5
1035 1036 0,1,4,5
1035 1085 0,4,5
1036 1037 0,1,4
1036 1086 0,1,4,5
1037 1038 0,1,4
1037 1087 0,1,4
1038 1039 0,1,6
1038 1088 0,1
1039 1040 0,1,6
1039 1089 0,1,6
1040 1041 0,1,3,6
1040 1090 0,1,6
1041 1042 0,1,2,3,6
1041 1091 0,1,3,6
1042 1043 0,1,2,3,6
1042 1092 0,1,2,3,6
1043 1044 1,2,3,6
1043 1093 1,2,3,6
1044 1045 1,2,3
1044 1094 1,2,3
1045 1046 1,3
1045 1095 1,3
1046 1047 1,3
1046 1096 1,3
1047 1048 3
1047 1097 3
1048 1049 
1048 1098 
1049 1099 
1050 1051 
1050 1100 
1051 1052 
1051 1101 
1052 1053 
1052 1102 
1053 1054 27
1053 1103 
1054 1055 27
1054 1104 27
1055 1056 
1055 1105 
1056 1057 36
1056 1106 36
1057 1058 36
1057 1107 36
1058 1059 36
1058 1108 36
1059 1060 36,40
1059 1109 36,40
1060 1061 36,40
1060 1110 36,40
1061 1062 35,36,40
1061 1111 35,36,40
1062 1063 35,36,40
1062 1112 35,36,40
1063 1064 35,36,37,38
1063 1113 35,36,40
1064 1065 35,36,37,38,39
1064 1114 35,36,37,38
1065 1066 35,36,37,38,39,41
1065 1115 35,36,37,38,39,41
1066 1067 35,37,38,39,41
1066 1116 35,36,37,38,39,41
1067 1068 15,37,38,39,41
1067 1117 15,35,37,38,39,41
1068 1069 15,37,38,39,41
1068 1118 15,37,38,39,41
1069 1070 15,38,39,41
1069 1119 15,38,39,41
1070 1071 15,38,39,41
1070 1120 15,38,39,41
1071 1072 19,38,39,41
1071 1121 15,19,38,39,41
1072 1073 19,38,39,41
1072 1122 14,19,38,39,41
1073 1074 19,38,39,41
1073 1123 19,38,39,41
1074 1075 19,38,39,41
1074 1124 19,38,39,41
1075 1076 19,39
1075 1125 19,39,41
1076 1077 19
1076 1126 19
1077 1078 4,19
1077 1127 18,19
1078 1079 4,19
1078 1128 4,19
1079 1080 4,19
1079 1129 4,19
1080 1081 4,19
1080 1130 4,19
1081 1082 4
1081 1131 4,19
1082 1083 4
1082 1132 4
1083 1084 4,5
1083 1133 4,5
1084 1085 0,4,5
1084 1134 4,5
1085 1086 0,4,5
1085 1135 0,4,5
1086 1087 0,1,4,5
1086 1136 0,4,5
1087 1088 0,1
1087 1137 0,1,5
1088 1089 0,1
1088 1138 0,1
1089 1090 0,1,6
1089 1139 0,1
1090 1091 0,1,6
1090 1140 0,1,6
1091 1092 0,1,3,6
1091 1141 0,1,6
1092 1093 1,3,6
1092 1142 1,3,6
1093 1094 1,3
1093 1143 1,3
1094 1095 1,3
1094 1144 1,3
1095 1096 1,3
1095 1145 1,3
1096 1097 3
1096 1146 3
1097 1098 
1097 1147 
1098 1099 
1098 1148 
1099 1149 
1100 1101 
1100 1150 
1101 1102 
1101 1151 
1102 1103 
1102 1152 
1103 1104 27
1103 1153 27
1104 1105 27
1104 1154 27
1105 1106 36
1105 1155 27
1106 1107 36
1106 1156 36
1107 1108 36
1107 1157 36
1108 1109 36,40
1108 1158 36,40
1109 1110 36,40
1109 1159 36,40
1110 1111 35,36,40
1110 1160 35,36,40
1111 1112 35,36,40
1111 1161 35,36,40
1112 1113 35,36,40
1112 1162 35,36,40
1113 1114 35,36,40
1113 1163 35,36,40
1114 1115 35,36,37,38,41
1114 1164 35,36,40
1115 1116 35,36,37,38,39,41
1115 1165 35,36,37,38,41
1116 1117 15,35,36,37,38,39,41
1116 1166 15,35,36,37,38,39,41
1117 1118 15,35,37,38,39,41
1117 1167 15,35,37,38,39,41
1118 1119 15,38,39,41
1118 1168 15,35,38,39,41
1119 1120 15,38,39,41
1119 1169 15,38,39,41
1120 1121 15,19,38,39,41
1120 1170 15,38,39,41
1121 1122 14,15,19,38,39,41
1121 1171 14,15,19,38,39,41
1122 1123 14,19,38,39,41
1122 1172 14,15,19,38,39,41
1123 1124 19,38,39,41
1123 1173 14,19,38,39,41
1124 1125 19,39,41
1124 1174 19,39,41
1125 1126 19,41
1125 1175 19,41
1126 1127 18,19
1126 1176 18,19
1127 1128 18,19
1127 1177 18,19,20
1128 1129 4,19
1128 1178 18,19
1129 1130 4,19
1129 1179 4,19
1130 1131 4,19
1130 1180 4,19
1131 1132 4,19
1131 1181 4,19
1132 1133 4,5
1132 1182 4,5
1133 1134 4,5
1133 1183 4,5
1134 1135 4,5
1134 1184 4,5
1135 1136 0,4,5
1135 1185 4,5
1136 1137 0,5
1136 1186 0,5
1137 1138 0,1,5
1137 1187 0,5
1138 1139 0,1
1138 1188 0,1,5
1139 1140 0,1
1139 1189 0,1
1140 1141 0,1
1140 1190 0,1
1141 1142 1
1141 1191 1
1142 1143 1,3
1142 1192 1
1143 1144 1,3
1143 1193 1,3,32
1144 1145 1,3
1144 1194 1,3
1145 1146 3
1145 1195 3
1146 1147 
1146 1196 
1147 1148 
1147 1197 
1148 1149 
1148 1198 
1149 1199 
1150 1151 
1150 1200 
1151 1152 
1151 1201 
1152 1153 27
1152 1202 27
1153 1154 27
1153 1203 27
1154 1155 27
1154 1204 27
1155 1156 27
1155 1205 27
1156 1157 36
1156 1206 27
1157 1158 36,40
1157 1207 36,40
1158 1159 36,40
1158 1208 36,40
1159 1160 35,36,40
1159 1209 35,36,40
1160 1161 35,36,40
1160 1210 35,36,40
1161 1162 35,36,40
1161 1211 35,36,40
1162 1163 35,36,40
1162 1212 35,36,40
1163 1164 35,36,40
1163 1213 35,36,40
1164 1165 35,36,40
1164 1214 35,36,40
1165 1166 15,35,36,38,41
1165 1215 15,35,36,40
1166 1167 15,35,38,39,41
1166 1216 15,16,35,38,41
1167 1168 15,35,38,39,41
1167 1217 15,35,38,39,41
1168 1169 15,35,38,39,41
1168 1218 15,35,38,39,41
1169 1170 15,38,39,41
1169 1219 15,35,38,39,41
1170 1171 14,15,38,39,41
1170 1220 14,15,38,39,41
1171 1172 14,15,19,38,39,41
1171 1221 14,15,38,39,41
1172 1173 14,15,19,38,39,41
1172 1222 14,15,19,38,39,41
1173 1174 14,19,39,41
1173 1223 14,15,19,39,41
1174 1175 19,41
1174 1224 14,19,41
1175 1176 18,19
1175 1225 18,19
1176 1177 18,19,20
1176 1226 18,19,20
1177 1178 18,19,20
1177 1227 18,19,20
1178 1179 18,19
1178 1228 18,19,20
1179 1180 4,19
1179 1229 18,19
1180 1181 4,19
1180 1230 4,19
1181 1182 4,5
1181 1231 4,5
1182 1183 4,5
1182 1232 4,5
1183 1184 4,5
1183 1233 4,5
1184 1185 4,5
1184 1234 4,5
1185 1186 5
1185 1235 5
1186 1187 0,5
1186 1236 5
1187 1188 0,5
1187 1237 0,5
1188 1189 0,1,5
1188 1238 0,5
1189 1190 0,1
1189 1239 0,1,5
1190 1191 1
1190 1240 1
1191 1192 1
1191 1241 1
1192 1193 1,32
1192 1242 1,32
1193 1194 1,32
1193 1243 1,32
1194 1195 
1194 1244 32
1195 1196 
1195 1245 
1196 1197 
1196 1246 
1197 1198 
1197 1247 
1198 1199 
1198 1248 
1199 1249 
1200 1201 
1200 1250 
1201 1202 27
1201 1251 27
1202 1203 27
1202 1252 27
1203 1204 27
1203 1253 27
1204 1205 27
1204 1254 27
1205 1206 27
1205 1255 27
1206 1207 27,40
1206 1256 27,40
1207 1208 36,40
1207 1257 27,40
1208 1209 35,36,40
1208 1258 36,40
1209 1210 35,36,40
1209 1259 35,36,40
1210 1211 35,36,40
1210 1260 22,35,36,40
1211 1212 35,36,40
1211 1261 35,36,40
1212 1213 35,36,40
1212 1262 35,36,40
1213 1214 35,36,40
1213 1263 35,36,40
1214 1215 15,35,36,40
1214 1264 15,35,36,40
1215 1216 15,16,35,40
1215 1265 15,16,35,40
1216 1217 15,16,35,38,41
1216 1266 15,16,35,40
1217 1218 15,35,38,39,41
1217 1267 15,16,35,38,41
1218 1219 15,35,38,39,41
1218 1268 15,35,38,39,41
1219 1220 14,15,35,38,39,41
1219 1269 14,15,35,38,39,41
1220 1221 14,15,38,39,41
1220 1270 14,15,38,39,41
1221 1222 14,15,38,39,41
1221 1271 14,15,38,39,41
1222 1223 14,15,19,39,41
1222 1272 14,15,39,41
1223 1224 14,15,19,41
1223 1273 14,15,19,41
1224 1225 14,18,19
1224 1274 14,15,18,19
1225 1226 18,19,20
1225 1275 14,18,19,20
1226 1227 18,19,20
1226 1276 18,19,20
1227 1228 18,19,20
1227 1277 18,19,20
1228 1229 18,19,20
1228 1278 18,19,20
1229 1230 18,19
1229 1279 18,19,20
1230 1231 4,5
1230 1280 5,18
1231 1232 4,5
1231 1281 4,5
1232 1233 4,5
1232 1282 4,5
1233 1234 4,5
1233 1283 4,5
1234 1235 5
1234 1284 5
1235 1236 5
1235 1285 5
1236 1237 5
1236 1286 5
1237 1238 5
1237 1287 5
1238 1239 5
1238 1288 5
1239 1240 1,5
1239 1289 5
1240 1241 1
1240 1290 1,5
1241 1242 1,32
1241 1291 1,32
1242 1243 1,32
1242 1292 1,32
1243 1244 32
1243 1293 32
1244 1245 32
1244 1294 32
1245 1246 
1245 1295 32
1246 1247 
1246 1296 
1247 1248 
1247 1297 
1248 1249 
1248 1298 
1249 1299 
1250 1251 27
1250 1300 27
1251 1252 27
1251 1301 27
1252 1253 27
1252 1302 27
1253 1254 27
1253 1303 27
1254 1255 27
1254 1304 27
1255 1256 27,40
1255 1305 27
1256 1257 27,40
1256 1306 27,40
1257 1258 27,40
1257 1307 21,27,40
1258 1259 36,40
1258 1308 27,40
1259 1260 22,35,36,40
1259 1309 22,36,40
1260 1261 22,35,36,40
1260 1310 22,35,36,40
1261 1262 35,36,40
1261 1311 22,35,36,40
1262 1263 35,36,40
1262 1312 35,36,40
1263 1264 15,35,36,40
1263 1313 35,36,40
1264 1265 15,16,35,40
1264 1314 15,16,35,40
1265 1266 15,16,35,40
1265 1315 15,16,35,40
1266 1267 15,16,35,40
1266 1316 15,16,35,40
1267 1268 15,16,35,38,41
1267 1317 15,16,35
1268 1269 14,15,35,38,39,41
1268 1318 14,15,16,35,38,41
1269 1270 14,15,38,39,41
1269 1319 14,15,38,39,41
1270 1271 14,15,38,39,41
1270 1320 14,15,38,39,41
1271 1272 14,15,39,41
1271 1321 14,15,39,41
1272 1273 14,15,41
1272 1322 14,15,41
1273 1274 14,15,18,19
1273 1323 14,15,18
1274 1275 14,15,18,19,20
1274 1324 14,15,18,19,20
1275 1276 14,18,19,20
1275 1325 14,18,19,20
1276 1277 18,19,20
1276 1326 14,18,19,20
1277 1278 18,19,20
1277 1327 18,19,20
1278 1279 18,19,20
1278 1328 18,19,20
1279 1280 5,18,20
1279 1329 18,20
1280 1281 5,18
1280 1330 5,18,20
1281 1282 5
1281 1331 5,18
1282 1283 5
1282 1332 5
1283 1284 5
1283 1333 5
1284 1285 5
1284 1334 5
1285 1286 5
1285 1335 5
1286 1287 5
1286 1336 5
1287 1288 5
1287 1337 5
1288 1289 5
1288 1338 5
1289 1290 5
1289 1339 5
1290 1291 5,32
1290 1340 5,32
1291 1292 32
1291 1341 32
1292 1293 32
1292 1342 32
1293 1294 32
1293 1343 32,33
1294 1295 32
1294 1344 32
1295 1296 32
1295 1345 32
1296 1297 
1296 1346 32
1297 1298 
1297 1347 
1298 1299 
1298 1348 
1299 1349 
1300 1301 27
1300 1350 27
1301 1302 27
1301 1351 27
1302 1303 27
1302 1352 27
1303 1304 27
1303 1353 27
1304 1305 27
1304 1354 27
1305 1306 27
1305 1355 25,27
1306 1307 21,27,40
1306 1356 21,27
1307 1308 21,27,40
1307 1357 21,27,40
1308 1309 22,27,40
1308 1358 21,22,27,40
1309 1310 22,36,40
1309 1359 22,27,40
1310 1311 22,35,36,40
1310 1360 22,36,40
1311 1312 22,35,36,40
1311 1361 22,35,36,40
1312 1313 35,36,40
1312 1362 22,35,36,40
1313 1314 16,35,40
1313 1363 16,35,40
1314 1315 15,16,35,40
1314 1364 16,35,40
1315 1316 15,16,35,40
1315 1365 15,16,35,40
1316 1317 15,16,35
1316 1366 15,16,35
1317 1318 14,15,16,35
1317 1367 14,15,16,35
1318 1319 14,15,16,41
1318 1368 14,15,16
1319 1320 14,15,41
1319 1369 14,15,16,41
1320 1321 14,15,41
1320 1370 14,15,17,41
1321 1322 14,15,41
1321 1371 14,15,41
1322 1323 14,15,18
1322 1372 14,15,18
1323 1324 14,15,18,20
1323 1373 14,15,18,20
1324 1325 14,18,19,20
1324 1374 14,18,20
1325 1326 14,18,19,20
1325 1375 14,18,19,20
1326 1327 14,18,19,20
1326 1376 14,18,19,20
1327 1328 18,19,20
1327 1377 14,18,19,20
1328 1329 18,20
1328 1378 18,20
1329 1330 18,20
1329 1379 18,20
1330 1331 5,18,20
1330 1380 18,20
1331 1332 5,18
1331 1381 5,18,20
1332 1333 5
1332 1382 5,18
1333 1334 5
1333 1383 5
1334 1335 5
1334 1384 5
1335 1336 5
1335 1385 5
1336 1337 5
1336 1386 5
1337 1338 5
1337 1387 5
1338 1339 5
1338 1388 5
1339 1340 5,32
1339 1389 5,32
1340 1341 32
1340 1390 32
1341 1342 32
1341 1391 32
1342 1343 32,33
1342 1392 32,33
1343 1344 32,33
1343 1393 32,33
1344 1345 32
1344 1394 31,32,33
1345 1346 32
1345 1395 32
1346 1347 32
1346 1396 32
1347 1348 
1347 1397 32
1348 1349 
1348 1398 
1349 1399 
1350 1351 27
1350 1400 27
1351 1352 27
1351 1401 27
1352 1353 27
1352 1402 27
1353 1354 27
1353 1403 27
1354 1355 25,27
1354 1404 25,27
1355 1356 21,25,27
1355 1405 21,25,27
1356 1357 21,27
1356 1406 21,25,27
1357 1358 21,22,27,40
1357 1407 21,22,27
1358 1359 21,22,27,40
1358 1408 21,22,27,40
1359 1360 22,27,40
1359 1409 21,22,27,40
1360 1361 22,40
1360 1410 22,40
1361 1362 22,35,40
1361 1411 22,40
1362 1363 16,22,35,40
1362 1412 16,22,35,40
1363 1364 16,35,40
1363 1413 16,22,35,40
1364 1365 16,35,40
1364 1414 16,35,40
1365 1366 15,16,35
1365 1415 16,35
1366 1367 14,15,16,35
1366 1416 15,16,35
1367 1368 14,15,16
1367 1417 14,15,16
1368 1369 14,15,16
1368 1418 14,15,16
1369 1370 14,15,16,17
1369 1419 14,15,16,17
1370 1371 14,15,17
1370 1420 14,15,16,17
1371 1372 14,15,18
1371 1421 14,15,17
1372 1373 14,15,18,20
1372 1422 14,15,18,20
1373 1374 14,18,20
1373 1423 14,18,20
1374 1375 14,18,20
1374 1424 14,18,20
1375 1376 14,18,20
1375 1425 14,18,20
1376 1377 14,18,20
1376 1426 14,18,20
1377 1378 14,18,20
1377 1427 14,18,20
1378 1379 18,20
1378 1428 18,20
1379 1380 18,20
1379 1429 18,20
1380 1381 18,20
1380 1430 18,20
1381 1382 5,18,20
1381 1431 18,20
1382 1383 5,18
1382 1432 5,18,20
1383 1384 5
1383 1433 5
1384 1385 5
1384 1434 5
1385 1386 5
1385 1435 5
1386 1387 5
1386 1436 5
1387 1388 5
1387 1437 5
1388 1389 5,32
1388 1438 5,32
1389 1390 32
1389 1439 32
1390 1391 32
1390 1440 32
1391 1392 32,33
1391 1441 28,32,33
1392 1393 32,33
1392 1442 32,33
1393 1394 31,32,33
1393 1443 31,32,33
1394 1395 31,32,33
1394 1444 31,32,33
1395 1396 32
1395 1445 31,32,33
1396 1397 32
1396 1446 32
1397 1398 32
1397 1447 32
1398 1399 
1398 1448 32
1399 1449 
1400 1401 27
1400 1450 27
1401 1402 27
1401 1451 27
1402 1403 27
1402 1452 27
1403 1404 25,27
1403 1453 25,27
1404 1405 21,25,27
1404 1454 21,25,27
1405 1406 21,25,27
1405 1455 21,25,27
1406 1407 21,22,25,27
1406 1456 21,22,25,27
1407 1408 21,22,27
1407 1457 21,22,25,27
1408 1409 21,22,27,40
1408 1458 21,22,27
1409 1410 21,22,40
1409 1459 21,22,26,40
1410 1411 22,40
1410 1460 21,22,40
1411 1412 16,22,40
1411 1461 16,22,40
1412 1413 16,22,35,40
1412 1462 16,22,40
1413 1414 16,22,35,40
1413 1463 16,22,35,40
1414 1415 16,35
1414 1464 16,22,35
1415 1416 16,35
1415 1465 16,35
1416 1417 15,16
1416 1466 16
1417 1418 14,15,16
1417 1467 15,16
1418 1419 14,15,16,17
1418 1468 14,15,16,17
1419 1420 14,15,16,17
1419 1469 14,15,16,17
1420 1421 14,15,16,17
1420 1470 14,15,16,17
1421 1422 14,15,17,20
1421 1471 14,15,16,17
1422 1423 14,18,20
1422 1472 14,17,20
1423 1424 14,18,20
1423 1473 14,18,20
1424 1425 14,18,20
1424 1474 14,18,20
1425 1426 14,18,20
1425 1475 14,18,20
1426 1427 14,18,20
1426 1476 14,18,20
1427 1428 18,20
1427 1477 18,20
1428 1429 18,20
1428 1478 18,20
1429 1430 18,20
1429 1479 18,20
1430 1431 18,20
1430 1480 18,20
1431 1432 18,20
1431 1481 18,20
1432 1433 5,20
1432 1482 20
1433 1434 5
1433 1483 5
1434 1435 5
1434 1484 5
1435 1436 5
1435 1485 5
1436 1437 5
1436 1486 5
1437 1438 5,32
1437 1487 5
1438 1439 32
1438 1488 32
1439 1440 32
1439 1489 32
1440 1441 28,32,33
1440 1490 28,32,33
1441 1442 28,32,33
1441 1491 28,32,33
1442 1443 31,32,33
1442 1492 28,31,32,33
1443 1444 31,32,33
1443 1493 31,32,33
1444 1445 31,32,33
1444 1494 31,32,33
1445 1446 31,32,33
1445 1495 31,32,33
1446 1447 32
1446 1496 31,32,33
1447 1448 32
1447 1497 32
1448 1449 32
1448 1498 32
1449 1499 
1450 1451 27
1450 1500 
1451 1452 27
1451 1501 27
1452 1453 25,27
1452 1502 25,27
1453 1454 21,25,27
1453 1503 21,25,27
1454 1455 21,25,27
1454 1504 21,25,27
1455 1456 21,22,25,27
1455 1505 21,22,25,27
1456 1457 21,22,25,27
1456 1506 21,22,23,25,27
1457 1458 21,22,25,27
1457 1507 21,22,25,27
1458 1459 21,22,26
1458 1508 21,22,25,26
1459 1460 21,22,26,40
1459 1509 21,22,26
1460 1461 16,21,22,40
1460 1510 21,22,26,40
1461 1462 16,22,40
1461 1511 16,21,22,40
1462 1463 16,22,40
1462 1512 16,22,40
1463 1464 16,22
1463 1513 16,22
1464 1465 16,22
1464 1514 16,22
1465 1466 16
1465 1515 16,22
1466 1467 16
1466 1516 16
1467 1468 15,16,17
1467 1517 16,17
1468 1469 14,15,16,17
1468 1518 15,16,17
1469 1470 14,15,16,17
1469 1519 14,15,16,17
1470 1471 14,15,16,17
1470 1520 14,15,16,17
1471 1472 14,16,17
1471 1521 14,16,17
1472 1473 14,17,20
1472 1522 14,17
1473 1474 14,18,20
1473 1523 14,17,20
1474 1475 14,18,20
1474 1524 14,18,20
1475 1476 14,18,20
1475 1525 14,18,20
1476 1477 18,20
1476 1526 18,20
1477 1478 18,20
1477 1527 18,20
1478 1479 18,20
1478 1528 18,20
1479 1480 18,20
1479 1529 18,20
1480 1481 18,20
1480 1530 18,20
1481 1482 20
1481 1531 20
1482 1483 
1482 1532 
1483 1484 5
1483 1533 
1484 1485 5
1484 1534 5
1485 1486 5
1485 1535 5
1486 1487 5
1486 1536 5
1487 1488 
1487 1537 
1488 1489 32
1488 1538 
1489 1490 28,32,33
1489 1539 28,32,33
1490 1491 28,32,33
1490 1540 28,32,33
1491 1492 28,31,32,33
1491 1541 28,31,32,33
1492 1493 28,31,32,33
1492 1542 28,31,32,33
1493 1494 31,32,33
1493 1543 28,30,31,32,33
1494 1495 31,32,33
1494 1544 31,32,33
1495 1496 31,32,33
1495 1545 31,32,33
1496 1497 31,32,33
1496 1546 31,32,33
1497 1498 32
1497 1547 31,32,33
1498 1499 
1498 1548 
1499 1549 
1500 1501 
1500 1550 
1501 1502 25,27
1501 1551 25
1502 1503 21,25,27
1502 1552 21,25,27
1503 1504 21,25,27
1503 1553 21,25,27
1504 1505 21,22,25,27
1504 1554 21,25,27
1505 1506 21,22,23,25,27
1505 1555 21,22,23,25,27
1506 1507 21,22,23,25,27
1506 1556 21,22,23,25,27
1507 1508 21,22,25,26
1507 1557 21,22,23,25,26
1508 1509 21,22,25,26
1508 1558 21,22,24,25,26
1509 1510 21,22,26
1509 1559 21,22,25,26
1510 1511 21,22,26
1510 1560 21,22,26
1511 1512 16,21,22
1511 1561 21,22,26
1512 1513 16,22
1512 1562 16,21,22
1513 1514 16,22
1513 1563 16,22
1514 1515 16,22
1514 1564 16,22
1515 1516 16,22
1515 1565 16,22
1516 1517 16,17
1516 1566 16,17
1517 1518 16,17
1517 1567 16,17
1518 1519 16,17
1518 1568 16,17
1519 1520 14,16,17
1519 1569 16,17
1520 1521 14,16,17
1520 1570 14,16,17
1521 1522 14,17
1521 1571 14,17
1522 1523 14,17
1522 1572 14,17
1523 1524 14,17,20
1523 1573 14,17
1524 1525 14,18,20
1524 1574 14,17,20
1525 1526 18,20
1525 1575 18,20
1526 1527 18,20
1526 1576 18,20
1527 1528 18,20
1527 1577 18,20
1528 1529 18,20
1528 1578 18,20
1529 1530 18,20
1529 1579 18,20
1530 1531 20
1530 1580 20
1531 1532 
1531 1581 
1532 1533 
1532 1582 
1533 1534 
1533 1583 
1534 1535 
1534 1584 
1535 1536 
1535 1585 
1536 1537 
1536 1586 
1537 1538 
1537 1587 
1538 1539 28,33
1538 1588 28,33
1539 1540 28,32,33
1539 1589 28,33
1540 1541 28,31,32,33
1540 1590 28,31,32,33
1541 1542 28,31,32,33
1541 1591 28,31,32,33
1542 1543 28,30,31,32,33
1542 1592 28,30,31,32,33
1543 1544 28,30,31,32,33
1543 1593 28,30,31,32,33
1544 1545 31,32,33
1544 1594 28,30,31,32,33
1545 1546 31,32,33
1545 1595 31,32,33
1546 1547 31,32,33
1546 1596 31,32,33
1547 1548 31,33
1547 1597 31,33
1548 1549 
1548 1598 31,33
1549 1599 
1550 1551 25
1550 1600 25
1551 1552 21,25
1551 1601 25
1552 1553 21,25,27
1552 1602 21,25
1553 1554 21,25,27
1553 1603 21,25,27
1554 1555 21,23,25,27
1554 1604 21,23,25,27
1555 1556 21,22,23,25,27
1555 1605 21,23,25,27
1556 1557 21,22,23,25,26
1556 1606 21,22,23,25,26
1557 1558 21,22,23,24,25,26
1557 1607 21,22,23,24,25,26
1558 1559 21,22,24,25,26
1558 1608 21,22,23,24,25,26
1559 1560 21,22,25,26
1559 1609 21,22,24,25,26
1560 1561 21,22,26
1560 1610 21,22,25,26
1561 1562 21,22,26
1561 1611 21,22,26
1562 1563 16,21,22
1562 1612 21,22,26
1563 1564 16,22
1563 1613 16,22
1564 1565 16,22
1564 1614 16,22
1565 1566 16,17
1565 1615 16,17
1566 1567 16,17
1566 1616 16,17
1567 1568 16,17
1567 1617 16,17
1568 1569 16,17
1568 1618 16,17
1569 1570 16,17
1569 1619 16,17
1570 1571 14,17
1570 1620 17
1571 1572 14,17
1571 1621 14,17
1572 1573 14,17
1572 1622 14,17
1573 1574 14,17
1573 1623 14,17
1574 1575 17,20
1574 1624 17
1575 1576 18,20
1575 1625 17,20
1576 1577 18,20
1576 1626 18,20
1577 1578 18,20
1577 1627 18,20
1578 1579 18,20
1578 1628 18,20
1579 1580 20
1579 1629 20
1580 1581 
1580 1630 
1581 1582 
1581 1631 
1582 1583 
1582 1632 
1583 1584 
1583 1633 
1584 1585 
1584 1634 
1585 1586 
1585 1635 
1586 1587 
1586 1636 
1587 1588 28,33
1587 1637 28
1588 1589 28,33
1588 1638 28,33
1589 1590 28,31,33
1589 1639 28,31,33
1590 1591 28,31,32,33
1590 1640 28,31,33
1591 1592 28,30,31,32,33
1591 1641 28,30,31,32,33
1592 1593 28,30,31,32,33
1592 1642 28,30,31,32,33
1593 1594 28,30,31,32,33
1593 1643 28,30,31,32,33
1594 1595 28,30,31,32,33
1594 1644 28,30,31,32,33
1595 1596 31,32,33
1595 1645 28,30,31,32,33
1596 1597 31,33
1596 1646 31,33
1597 1598 31,33
1597 1647 31,33
1598 1599 31,33
1598 1648 31,33
1599 1649 31
1600 1601 25
1600 1650 25
1601 1602 25
1601 1651 25
1602 1603 21,25
1602 1652 25
1603 1604 21,23,25,27
1603 1653 21,23,25
1604 1605 21,23,25,27
1604 1654 21,23,25,27
1605 1606 21,23,25,26
1605 1655 21,23,25,26
1606 1607 21,22,23,24,25,26
1606 1656 21,23,24,25,26
1607 1608 21,22,23,24,25,26
1607 1657 21,22,23,24,25,26
1608 1609 21,22,23,24,25,26
1608 1658 21,22,23,24,25,26
1609 1610 21,22,24,25,26
1609 1659 21,22,23,24,25,26
1610 1611 21,22,25,26
1610 1660 21,22,24,25,26
1611 1612 21,22,26
1611 1661 21,22,26
1612 1613 22,26
1612 1662 22,26
1613 1614 16,22
1613 1663 22,26
1614 1615 16,17
1614 1664 16
1615 1616 16,17
1615 1665 16,17
1616 1617 16,17
1616 1666 16,17
1617 1618 16,17
1617 1667 16,17
1618 1619 16,17
1618 1668 16,17
1619 1620 17
1619 1669 17
1620 1621 17
1620 1670 17
1621 1622 17
1621 1671 17
1622 1623 17
1622 1672 17
1623 1624 17
1623 1673 17
1624 1625 17
1624 1674 17
1625 1626 17,20
1625 1675 17
1626 1627 20
1626 1676 20
1627 1628 20
1627 1677 20
1628 1629 20
1628 1678 20
1629 1630 
1629 1679 
1630 1631 
1630 1680 
1631 1632 
1631 1681 
1632 1633 
1632 1682 
1633 1634 
1633 1683 
1634 1635 
1634 1684 
1635 1636 
1635 1685 
1636 1637 28
1636 1686 28
1637 1638 28
1637 1687 28
1638 1639 28,31,33
1638 1688 28
1639 1640 28,31,33
1639 1689 28,31,33
1640 1641 28,30,31,33
1640 1690 28,30,31,33
1641 1642 28,30,31,32,33
1641 1691 28,30,31,33
1642 1643 28,30,31,32,33
1642 1692 28,30,31,32,33
1643 1644 28,30,31,32,33
1643 1693 28,30,31,32,33
1644 1645 28,30,31,32,33
1644 1694 28,30,31,32,33
1645 1646 28,30,31,33
1645 1695 28,30,31,33
1646 1647 31,33
1646 1696 28,30,31,33
1647 1648 31,33
1647 1697 31,33
1648 1649 31
1648 1698 31
1649 1699 31
1650 1651 25
1650 1700 
1651 1652 25
1651 1701 25
1652 1653 23,25
1652 1702 23,25
1653 1654 21,23,25
1653 1703 23,25
1654 1655 21,23,25,26
1654 1704 21,23,25,26
1655 1656 21,23,24,25,26
1655 1705 21,23,24,25,26
1656 1657 21,23,24,25,26
1656 1706 21,23,24,25,26
1657 1658 21,22,23,24,25,26
1657 1707 21,23,24,25,26
1658 1659 21,22,23,24,25,26
1658 1708 21,22,23,24,25,26
1659 1660 21,22,23,24,25,26
1659 1709 21,22,23,24,25,26
1660 1661 21,22,24,26
1660 1710 21,22,23,24,26
1661 1662 22,26
1661 1711 22,24,26
1662 1663 22,26
1662 1712 22,26
1663 1664 26
1663 1713 26
1664 1665 16
1664 1714 26
1665 1666 16,17
1665 1715 16
1666 1667 16,17
1666 1716 16,17
1667 1668 16,17
1667 1717 16,17
1668 1669 17
1668 1718 17
1669 1670 17
1669 1719 17
1670 1671 17
1670 1720 17
1671 1672 17
1671 1721 17
1672 1673 17
1672 1722 17
1673 1674 17
1673 1723 17
1674 1675 17
1674 1724 17
1675 1676 
1675 1725 
1676 1677 
1676 1726 
1677 1678 
1677 1727 
1678 1679 
1678 1728 
1679 1680 
1679 1729 
1680 1681 
1680 1730 
1681 1682 
1681 1731 
1682 1683 
1682 1732 
1683 1684 
1683 1733 
1684 1685 
1684 1734 
1685 1686 28
1685 1735 
1686 1687 28
1686 1736 28
1687 1688 28
1687 1737 28
1688 1689 28
1688 1738 28,34
1689 1690 28,30,31,33
1689 1739 28,29,30
1690 1691 28,30,31,33
1690 1740 28,30,31,33
1691 1692 28,30,31,33
1691 1741 28,30,31,33
1692 1693 28,30,31,33
1692 1742 28,30,31,33
1693 1694 28,30,31,33
1693 1743 28,30,31,33
1694 1695 28,30,31,33
1694 1744 28,30,31,33
1695 1696 28,30,31,33
1695 1745 28,30,31,33
1696 1697 28,30,31,33
1696 1746 28,30,31,33
1697 1698 31
1697 1747 30,31
1698 1699 31
1698 1748 31
1699 1749 
1700 1701 
1700 1750 
1701 1702 23,25
1701 1751 23
1702 1703 23,25
1702 1752 23,25
1703 1704 23,25,26
1703 1753 23,25
1704 1705 21,23,24,25,26
1704 1754 23,24,25,26
1705 1706 21,23,24,25,26
1705 1755 21,23,24,25,26
1706 1707 21,23,24,25,26
1706 1756 21,23,24,25,26
1707 1708 21,23,24,25,26
1707 1757 21,23,24,25,26
1708 1709 21,22,23,24,25,26
1708 1758 21,23,24,25,26
1709 1710 21,22,23,24,26
1709 1759 21,22,23,24,26
1710 1711 22,23,24,26
1710 1760 22,23,24,26
1711 1712 22,24,26
1711 1761 22,23,24,26
1712 1713 26
1712 1762 24,26
1713 1714 26
1713 1763 26
1714 1715 26
1714 1764 26
1715 1716 
1715 1765 
1716 1717 17
1716 1766 
1717 1718 17
1717 1767 17
1718 1719 17
1718 1768 17
1719 1720 17
1719 1769 17
1720 1721 17
1720 1770 17
1721 1722 17
1721 1771 17
1722 1723 17
1722 1772 17
1723 1724 17
1723 1773 17
1724 1725 
1724 1774 
1725 1726 
1725 1775 
1726 1727 
1726 1776 
1727 1728 
1727 1777 
1728 1729 
1728 1778 
1729 1730 
1729 1779 
1730 1731 
1730 1780 
1731 1732 
1731 1781 
1732 1733 
1732 1782 
1733 1734 
1733 1783 
1734 1735 
1734 1784 
1735 1736 
1735 1785 
1736 1737 28
1736 1786 
1737 1738 28,34
1737 1787 28,34
1738 1739 28,29,30,34
1738 1788 28,29,30,34
1739 1740 28,29,30
1739 1789 28,29,30,34
1740 1741 28,30,31,33
1740 1790 28,29,30
1741 1742 28,30,31,33
1741 1791 28,30,31,33
1742 1743 28,30,31,33
1742 1792 28,30,31,33
1743 1744 28,30,31,33
1743 1793 28,30,31,33
1744 1745 28,30,31,33
1744 1794 28,30,31,33
1745 1746 28,30,31,33
1745 1795 28,30,31,33
1746 1747 30,31
1746 1796 30,31
1747 1748 30,31
1747 1797 30,31
1748 1749 
1748 1798 30
1749 1799 
1750 1751 23
1750 1800 
1751 1752 23
1751 1801 23
1752 1753 23,25
1752 1802 23
1753 1754 23,24,25
1753 1803 23,24,25
1754 1755 23,24,25,26
1754 1804 23,24,25
1755 1756 21,23,24,25,26
1755 1805 23,24,25,26
1756 1757 21,23,24,25,26
1756 1806 21,23,24,25,26
1757 1758 21,23,24,25,26
1757 1807 21,23,24,25,26
1758 1759 21,23,24,26
1758 1808 21,23,24,26
1759 1760 23,24,26
1759 1809 23,24,26
1760 1761 23,24,26
1760 1810 23,24,26
1761 1762 23,24,26
1761 1811 23,24,26
1762 1763 24,26
1762 1812 24,26
1763 1764 26
1763 1813 24,26
1764 1765 
1764 1814 
1765 1766 
1765 1815 
1766 1767 
1766 1816 
1767 1768 17
1767 1817 
1768 1769 17
1768 1818 17
1769 1770 17
1769 1819 17
1770 1771 17
1770 1820 17
1771 1772 17
1771 1821 17
1772 1773 17
1772 1822 17
1773 1774 
1773 1823 
1774 1775 
1774 1824 
1775 1776 
1775 1825 
1776 1777 
1776 1826 
1777 1778 
1777 1827 
1778 1779 
1778 1828 
1779 1780 
1779 1829 
1780 1781 
1780 1830 
1781 1782 
1781 1831 
1782 1783 
1782 1832 
1783 1784 
1783 1833 
1784 1785 
1784 1834 
1785 1786 
1785 1835 
1786 1787 34
1786 1836 34
1787 1788 28,29,30,34
1787 1837 29,34
1788 1789 28,29,30,34
1788 1838 28,29,30,34
1789 1790 28,29,30,34
1789 1839 28,29,30,34
1790 1791 28,29,30
1790 1840 28,29,30,34
1791 1792 28,30,31,33
1791 1841 28,29,30
1792 1793 28,30,31,33
1792 1842 28,30,31,33
1793 1794 28,30,31,33
1793 1843 28,30,31,33
1794 1795 28,30,31,33
1794 1844 28,30,31,33
1795 1796 30,31
1795 1845 30,31
1796 1797 30,31
1796 1846 30,31
1797 1798 30
1797 1847 30
1798 1799 30
1798 1848 30
1799 1849 
1800 1801 
1800 1850 
1801 1802 23
1801 1851 
1802 1803 23,24
1802 1852 23
1803 1804 23,24,25
1803 1853 23,24
1804 1805 23,24,25
1804 1854 23,24,25
1805 1806 23,24,25,26
1805 1855 23,24,25
1806 1807 23,24,25,26
1806 1856 23,24,25,26
1807 1808 23,24,26
1807 1857 23,24,26
1808 1809 23,24,26
1808 1858 23,24,26
1809 1810 23,24,26
1809 1859 23,24,26
1810 1811 23,24,26
1810 1860 23,24,26
1811 1812 24,26
1811 1861 24,26
1812 1813 24,26
1812 1862 24,26
1813 1814 24
1813 1863 24
1814 1815 
1814 1864 
1815 1816 
1815 1865 
1816 1817 
1816 1866 
1817 1818 
1817 1867 
1818 1819 17
1818 1868 
1819 1820 17
1819 1869 17
1820 1821 17
1820 1870 17
1821 1822 17
1821 1871 17
1822 1823 
1822 1872 
1823 1824 
1823 1873 
1824 1825 
1824 1874 
1825 1826 
1825 1875 
1826 1827 
1826 1876 
1827 1828 
1827 1877 
1828 1829 
1828 1878 
1829 1830 
1829 1879 
1830 1831 
1830 1880 
1831 1832 
1831 1881 
1832 1833 
1832 1882 
1833 1834 
1833 1883 
1834 1835 
1834 1884 
1835 1836 34
1835 1885 34
1836 1837 29,34
1836 1886 29,34
1837 1838 29,34
1837 1887 29,34
1838 1839 28,29,30,34
1838 1888 29,34
1839 1840 28,29,30,34
1839 1889 28,29,30,34
1840 1841 28,29,30,34
1840 1890 28,29,30,34
1841 1842 28,29,30
1841 1891 28,29,30,34
1842 1843 28,30,31
1842 1892 28,29,30
1843 1844 28,30,31
1843 1893 28,30,31
1844 1845 30,31
1844 1894 30,31
1845 1846 30,31
1845 1895 30,31
1846 1847 30
1846 1896 30
1847 1848 30
1847 1897 30
1848 1849 
1848 1898 
1849 1899 
1850 1851 
1850 1900 
1851 1852 
1851 1901 
1852 1853 23
1852 1902 
1853 1854 23,24
1853 1903 23
1854 1855 23,24
1854 1904 23,24
1855 1856 23,24
1855 1905 23,24
1856 1857 23,24,26
1856 1906 23,24
1857 1858 23,24,26
1857 1907 23,24,26
1858 1859 23,24,26
1858 1908 23,24,26
1859 1860 23,24,26
1859 1909 23,24,26
1860 1861 24,26
1860 1910 24,26
1861 1862 24,26
1861 1911 24,26
1862 1863 24
1862 1912 24
1863 1864 
1863 1913 
1864 1865 
1864 1914 
1865 1866 
1865 1915 
1866 1867 
1866 1916 
1867 1868 
1867 1917 
1868 1869 
1868 1918 
1869 1870 
1869 1919 
1870 1871 
1870 1920 
1871 1872 
1871 1921 
1872 1873 
1872 1922 
1873 1874 
1873 1923 
1874 1875 
1874 1924 
1875 1876 
1875 1925 
1876 1877 
1876 1926 
1877 1878 
1877 1927 
1878 1879 
1878 1928 
1879 1880 
1879 1929 
1880 1881 
1880 1930 
1881 1882 
1881 1931 
1882 1883 
1882 1932 
1883 1884 
1883 1933 
1884 1885 34
1884 1934 34
1885 1886 29,34
1885 1935 29,34
1886 1887 29,34
1886 1936 29,34
1887 1888 29,34
1887 1937 29,34
1888 1889 29,34
1888 1938 29,34
1889 1890 28,29,30,34
1889 1939 29,34
1890 1891 28,29,30,34
1890 1940 28,29,30,34
1891 1892 28,29,30,34
1891 1941 28,29,30,34
1892 1893 28,29,30
1892 1942 28,29,30,34
1893 1894 30
1893 1943 29,30
1894 1895 30
1894 1944 30
1895 1896 30
1895 1945 30
1896 1897 30
1896 1946 30
1897 1898 
1897 1947 
1898 1899 
1898 1948 
1899 1949 
1900 1901 
1900 1950 
1901 1902 
1901 1951 
1902 1903 
1902 1952 
1903 1904 23
1903 1953 
1904 1905 23,24
1904 1954 23
1905 1906 23,24
1905 1955 23,24
1906 1907 23,24
1906 1956 23,24
1907 1908 23,24,26
1907 1957 23,24
1908 1909 23,24,26
1908 1958 23,24,26
1909 1910 24,26
1909 1959 24,26
1910 1911 24,26
1910 1960 24,26
1911 1912 24
1911 1961 24
1912 1913 
1912 1962 
1913 1914 
1913 1963 
1914 1915 
1914 1964 
1915 1916 
1915 1965 
1916 1917 
1916 1966 
1917 1918 
1917 1967 
1918 1919 
1918 1968 
1919 1920 
1919 1969 
1920 1921 
1920 1970 
1921 1922 
1921 1971 
1922 1923 
1922 1972 
1923 1924 
1923 1973 
1924 1925 
1924 1974 
1925 1926 
1925 1975 
1926 1927 
1926 1976 
1927 1928 
1927 1977 
1928 1929 
1928 1978 
1929 1930 
1929 1979 
1930 1931 
1930 1980 
1931 1932 
1931 1981 
1932 1933 
1932 1982 
1933 1934 34
1933 1983 34
1934 1935 29,34
1934 1984 29,34
1935 1936 29,34
1935 1985 29,34
1936 1937 29,34
1936 1986 29,34
1937 1938 29,34
1937 1987 29,34
1938 1939 29,34
1938 1988 29,34
1939 1940 29,34
1939 1989 29,34
1940 1941 29,30,34
1940 1990 29,34
1941 1942 29,30,34
1941 1991 29,30,34
1942 1943 29,30,34
1942 1992 29,30,34
1943 1944 29,30
1943 1993 29,30,34
1944 1945 30
1944 1994 29,30
1945 1946 30
1945 1995 30
1946 1947 
1946 1996 
1947 1948 
1947 1997 
1948 1949 
1948 1998 
1949 1999 
1950 1951 
1950 2000 
1951 1952 
1951 2001 
1952 1953 
1952 2002 
1953 1954 
1953 2003 
1954 1955 23
1954 2004 
1955 1956 23,24
1955 2005 23
1956 1957 23,24
1956 2006 23,24
1957 1958 23,24
1957 2007 23,24
1958 1959 24
1958 2008 24
1959 1960 24
1959 2009 24
1960 1961 24
1960 2010 24
1961 1962 
1961 2011 
1962 1963 
1962 2012 
1963 1964 
1963 2013 
1964 1965 
1964 2014 
1965 1966 
1965 2015 
1966 1967 
1966 2016 
1967 1968 
1967 2017 
1968 1969 
1968 2018 
1969 1970 
1969 2019 
1970 1971 
1970 2020 
1971 1972 
1971 2021 
1972 1973 
1972 2022 
1973 1974 
1973 2023 
1974 1975 
1974 2024 
1975 1976 
1975 2025 
1976 1977 
1976 2026 
1977 1978 
1977 2027 
1978 1979 
1978 2028 
1979 1980 
1979 2029 
1980 1981 
1980 2030 
1981 1982 
1981 2031 
1982 1983 34
1982 2032 
1983 1984 29,34
1983 2033 34
1984 1985 29,34
1984 2034 29,34
1985 1986 29,34
1985 2035 29,34
1986 1987 29,34
1986 2036 29,34
1987 1988 29,34
1987 2037 29,34
1988 1989 29,34
1988 2038 29,34
1989 1990 29,34
1989 2039 29,34
1990 1991 29,34
1990 2040 29,34
1991 1992 29,30,34
1991 2041 29,34
1992 1993 29,30,34
1992 2042 29,30,34
1993 1994 29,30,34
1993 2043 29,30,34
1994 1995 29,30
1994 2044 29,30
1995 1996 
1995 2045 
1996 1997 
1996 2046 
1997 1998 
1997 2047 
1998 1999 
1998 2048 
1999 2049 
2000 2001 
2000 2050 
2001 2002 
2001 2051 
2002 2003 
2002 2052 
2003 2004 
2003 2053 
2004 2005 
2004 2054 
2005 2006 
2005 2055 
2006 2007 24
2006 2056 
2007 2008 24
2007 2057 24
2008 2009 24
2008 2058 24
2009 2010 24
2009 2059 24
2010 2011 
2010 2060 
2011 2012 
2011 2061 
2012 2013 
2012 2062 
2013 2014 
2013 2063 
2014 2015 
2014 2064 
2015 2016 
2015 2065 
2016 2017 
2016 2066 
2017 2018 
2017 2067 
2018 2019 
2018 2068 
2019 2020 
2019 2069 
2020 2021 
2020 2070 
2021 2022 
2021 2071 
2022 2023 
2022 2072 
2023 2024 
2023 2073 
2024 2025 
2024 2074 
2025 2026 
2025 2075 
2026 2027 
2026 2076 
2027 2028 
2027 2077 
2028 2029 
2028 2078 
2029 2030 
2029 2079 
2030 2031 
2030 2080 
2031 2032 
2031 2081 
2032 2033 
2032 2082 
2033 2034 34
2033 2083 
2034 2035 29,34
2034 2084 34
2035 2036 29,34
2035 2085 29,34
2036 2037 29,34
2036 2086 29,34
2037 2038 29,34
2037 2087 29,34
2038 2039 29,34
2038 2088 29,34
2039 2040 29,34
2039 2089 29,34
2040 2041 29,34
2040 2090 29,34
2041 2042 29,34
2041 2091 29,34
2042 2043 29,34
2042 2092 29,34
2043 2044 29
2043 2093 29
2044 2045 
2044 2094 
2045 2046 
2045 2095 
2046 2047 
2046 2096 
2047 2048 
2047 2097 
2048 2049 
2048 2098 
2049 2099 
2050 2051 
2050 2100 
2051 2052 
2051 2101 
2052 2053 
2052 2102 
2053 2054 
2053 2103 
2054 2055 
2054 2104 
2055 2056 
2055 2105 
2056 2057 
2056 2106 
2057 2058 
2057 2107 
2058 2059 
2058 2108 
2059 2060 
2059 2109 
2060 2061 
2060 2110 
2061 2062 
2061 2111 
2062 2063 
2062 2112 
2063 2064 
2063 2113 
2064 2065 
2064 2114 
2065 2066 
2065 2115 
2066 2067 
2066 2116 
2067 2068 
2067 2117 
2068 2069 
2068 2118 
2069 2070 
2069 2119 
2070 2071 
2070 2120 
2071 2072 
2071 2121 
2072 2073 
2072 2122 
2073 2074 
2073 2123 
2074 2075 
2074 2124 
2075 2076 
2075 2125 
2076 2077 
2076 2126 
2077 2078 
2077 2127 
2078 2079 
2078 2128 
2079 2080 
2079 2129 
2080 2081 
2080 2130 
2081 2082 
2081 2131 
2082 2083 
2082 2132 
2083 2084 
2083 2133 
2084 2085 34
2084 2134 
2085 2086 29,34
2085 2135 34
2086 2087 29,34
2086 2136 29,34
2087 2088 29,34
2087 2137 29,34
2088 2089 29,34
2088 2138 29,34
2089 2090 29,34
2089 2139 29,34
2090 2091 29,34
2090 2140 29,34
2091 2092 29,34
2091 2141 29,34
2092 2093 29
2092 2142 29
2093 2094 
2093 2143 
2094 2095 
2094 2144 
2095 2096 
2095 2145 
2096 2097 
2096 2146 
2097 2098 
2097 2147 
2098 2099 
2098 2148 
2099 2149 
2100 2101 
2100 2150 
2101 2102 
2101 2151 
2102 2103 
2102 2152 
2103 2104 
2103 2153 
2104 2105 
2104 2154 
2105 2106 
2105 2155 
2106 2107 
2106 2156 
2107 2108 
2107 2157 
2108 2109 
2108 2158 
2109 2110 
2109 2159 
2110 2111 
2110 2160 
2111 2112 
2111 2161 
2112 2113 
2112 2162 
2113 2114 
2113 2163 
2114 2115 
2114 2164 
2115 2116 
2115 2165 
2116 2117 
2116 2166 
2117 2118 
2117 2167 
2118 2119 
2118 2168 
2119 2120 
2119 2169 
2120 2121 
2120 2170 
2121 2122 
2121 2171 
2122 2123 
2122 2172 
2123 2124 
2123 2173 
2124 2125 
2124 2174 
2125 2126 
2125 2175 
2126 2127 
2126 2176 
2127 2128 
2127 2177 
2128 2129 
2128 2178 
2129 2130 
2129 2179 
2130 2131 
2130 2180 
2131 2132 
2131 2181 
2132 2133 
2132 2182 
2133 2134 
2133 2183 
2134 2135 
2134 2184 
2135 2136 34
2135 2185 
2136 2137 29,34
2136 2186 34
2137 2138 29,34
2137 2187 29,34
2138 2139 29,34
2138 2188 29,34
2139 2140 29,34
2139 2189 29,34
2140 2141 29,34
2140 2190 29,34
2141 2142 29
2141 2191 29
2142 2143 
2142 2192 
2143 2144 
2143 2193 
2144 2145 
2144 2194 
2145 2146 
2145 2195 
2146 2147 
2146 2196 
2147 2148 
2147 2197 
2148 2149 
2148 2198 
2149 2199 
2150 2151 
2150 2200 
2151 2152 
2151 2201 
2152 2153 
2152 2202 
2153 2154 
2153 2203 
2154 2155 
2154 2204 
2155 2156 
2155 2205 
2156 2157 
2156 2206 
2157 2158 
2157 2207 
2158 2159 
2158 2208 
2159 2160 
2159 2209 
2160 2161 
2160 2210 
2161 2162 
2161 2211 
2162 2163 
2162 2212 
2163 2164 
2163 2213 
2164 2165 
2164 2214 
2165 2166 
2165 2215 
2166 2167 
2166 2216 
2167 2168 
2167 2217 
2168 2169 
2168 2218 
2169 2170 
2169 2219 
2170 2171 
2170 2220 
2171 2172 
2171 2221 
2172 2173 
2172 2222 
2173 2174 
2173 2223 
2174 2175 
2174 2224 
2175 2176 
2175 2225 
2176 2177 
2176 2226 
2177 2178 
2177 2227 
2178 2179 
2178 2228 
2179 2180 
2179 2229 
2180 2181 
2180 2230 
2181 2182 
2181 2231 
2182 2183 
2182 2232 
2183 2184 
2183 2233 
2184 2185 
2184 2234 
2185 2186 
2185 2235 
2186 2187 34
2186 2236 
2187 2188 29,34
2187 2237 34
2188 2189 29,34
2188 2238 29,34
2189 2190 29,34
2189 2239 29,34
2190 2191 29
2190 2240 29
2191 2192 
2191 2241 
2192 2193 
2192 2242 
2193 2194 
2193 2243 
2194 2195 
2194 2244 
2195 2196 
2195 2245 
2196 2197 
2196 2246 
2197 2198 
2197 2247 
2198 2199 
2198 2248 
2199 2249 
2200 2201 
2200 2250 
2201 2202 
2201 2251 
2202 2203 
2202 2252 
2203 2204 
2203 2253 
2204 2205 
2204 2254 
2205 2206 
2205 2255 
2206 2207 
2206 2256 
2207 2208 
2207 2257 
2208 2209 
2208 2258 
2209 2210 
2209 2259 
2210 2211 
2210 2260 
2211 2212 
2211 2261 
2212 2213 
2212 2262 
2213 2214 
2213 2263 
2214 2215 
2214 2264 
2215 2216 
2215 2265 
2216 2217 
2216 2266 
2217 2218 
2217 2267 
2218 2219 
2218 2268 
2219 2220 
2219 2269 
2220 2221 
2220 2270 
2221 2222 
2221 2271 
2222 2223 
2222 2272 
2223 2224 
2223 2273 
2224 2225 
2224 2274 
2225 2226 
2225 2275 
2226 2227 
2226 2276 
2227 2228 
2227 2277 
2228 2229 
2228 2278 
2229 2230 
2229 2279 
2230 2231 
2230 2280 
2231 2232 
2231 2281 
2232 2233 
2232 2282 
2233 2234 
2233 2283 
2234 2235 
2234 2284 
2235 2236 
2235 2285 
2236 2237 
2236 2286 
2237 2238 
2237 2287 
2238 2239 
2238 2288 
2239 2240 
2239 2289 
2240 2241 
2240 2290 
2241 2242 
2241 2291 
2242 2243 
2242 2292 
2243 2244 
2243 2293 
2244 2245 
2244 2294 
2245 2246 
2245 2295 
2246 2247 
2246 2296 
2247 2248 
2247 2297 
2248 2249 
2248 2298 
2249 2299 
2250 2251 
2250 2300 
2251 2252 
2251 2301 
2252 2253 
2252 2302 
2253 2254 
2253 2303 
2254 2255 
2254 2304 
2255 2256 
2255 2305 
2256 2257 
2256 2306 
2257 2258 
2257 2307 
2258 2259 
2258 2308 
2259 2260 
2259 2309 
2260 2261 
2260 2310 
2261 2262 
2261 2311 
2262 2263 
2262 2312 
2263 2264 
2263 2313 
2264 2265 
2264 2314 
2265 2266 
2265 2315 
2266 2267 
2266 2316 
2267 2268 
2267 2317 
2268 2269 
2268 2318 
2269 2270 
2269 2319 
2270 2271 
2270 2320 
2271 2272 
2271 2321 
2272 2273 
2272 2322 
2273 2274 
2273 2323 
2274 2275 
2274 2324 
2275 2276 
2275 2325 
2276 2277 
2276 2326 
2277 2278 
2277 2327 
2278 2279 
2278 2328 
2279 2280 
2279 2329 
2280 2281 
2280 2330 
2281 2282 
2281 2331 
2282 2283 
2282 2332 
2283 2284 
2283 2333 
2284 2285 
2284 2334 
2285 2286 
2285 2335 
2286 2287 
2286 2336 
2287 2288 
2287 2337 
2288 2289 
2288 2338 
2289 2290 
2289 2339 
2290 2291 
2290 2340 
2291 2292 
2291 2341 
2292 2293 
2292 2342 
2293 2294 
2293 2343 
2294 2295 
2294 2344 
2295 2296 
2295 2345 
2296 2297 
2296 2346 
2297 2298 
2297 2347 
2298 2299 
2298 2348 
2299 2349 
2300 2301 
2300 2350 
2301 2302 
2301 2351 
2302 2303 
2302 2352 
2303 2304 
2303 2353 
2304 2305 
2304 2354 
2305 2306 
2305 2355 
2306 2307 
2306 2356 
2307 2308 
2307 2357 
2308 2309 
2308 2358 
2309 2310 
2309 2359 
2310 2311 
2310 2360 
2311 2312 
2311 2361 
2312 2313 
2312 2362 
2313 2314 
2313 2363 
2314 2315 
2314 2364 
2315 2316 
2315 2365 
2316 2317 
2316 2366 
2317 2318 
2317 2367 
2318 2319 
2318 2368 
2319 2320 
2319 2369 
2320 2321 
2320 2370 
2321 2322 
2321 2371 
2322 2323 
2322 2372 
2323 2324 
2323 2373 
2324 2325 
2324 2374 
2325 2326 
2325 2375 
2326 2327 
2326 2376 
2327 2328 
2327 2377 
2328 2329 
2328 2378 
2329 2330 
2329 2379 
2330 2331 
2330 2380 
2331 2332 
2331 2381 
2332 2333 
2332 2382 
2333 2334 
2333 2383 
2334 2335 
2334 2384 
2335 2336 
2335 2385 
2336 2337 
2336 2386 
2337 2338 
2337 2387 
2338 2339 
2338 2388 
2339 2340 
2339 2389 
2340 2341 
2340 2390 
2341 2342 
2341 2391 
2342 2343 
2342 2392 
2343 2344 
2343 2393 
2344 2345 
2344 2394 
2345 2346 
2345 2395 
2346 2347 
2346 2396 
2347 2348 
2347 2397 
2348 2349 
2348 2398 
2349 2399 
2350 2351 
2350 2400 
2351 2352 
2351 2401 
2352 2353 
2352 2402 
2353 2354 
2353 2403 
2354 2355 
2354 2404 
2355 2356 
2355 2405 
2356 2357 
2356 2406 
2357 2358 
2357 2407 
2358 2359 
2358 2408 
2359 2360 
2359 2409 
2360 2361 
2360 2410 
2361 2362 
2361 2411 
2362 2363 
2362 2412 
2363 2364 
2363 2413 
2364 2365 
2364 2414 
2365 2366 
2365 2415 
2366 2367 
2366 2416 
2367 2368 
2367 2417 
2368 2369 
2368 2418 
2369 2370 
2369 2419 
2370 2371 
2370 2420 
2371 2372 
2371 2421 
2372 2373 
2372 2422 
2373 2374 
2373 2423 
2374 2375 
2374 2424 
2375 2376 
2375 2425 
2376 2377 
2376 2426 
2377 2378 
2377 2427 
2378 2379 
2378 2428 
2379 2380 
2379 2429 
2380 2381 
2380 2430 
2381 2382 
2381 2431 
2382 2383 
2382 2432 
2383 2384 
2383 2433 
2384 2385 
2384 2434 
2385 2386 
2385 2435 
2386 2387 
2386 2436 
2387 2388 
2387 2437 
2388 2389 
2388 2438 
2389 2390 
2389 2439 
2390 2391 
2390 2440 
2391 2392 
2391 2441 
2392 2393 
2392 2442 
2393 2394 
2393 2443 
2394 2395 
2394 2444 
2395 2396 
2395 2445 
2396 2397 
2396 2446 
2397 2398 
2397 2447 
2398 2399 
2398 2448 
2399 2449 
2400 2401 
2400 2450 
2401 2402 
2401 2451 
2402 2403 
2402 2452 
2403 2404 
2403 2453 
2404 2405 
2404 2454 
2405 2406 
2405 2455 
2406 2407 
2406 2456 
2407 2408 
2407 2457 
2408 2409 
2408 2458 
2409 2410 
2409 2459 
2410 2411 
2410 2460 
2411 2412 
2411 2461 
2412 2413 
2412 2462 
2413 2414 
2413 2463 
2414 2415 
2414 2464 
2415 2416 
2415 2465 
2416 2417 
2416 2466 
2417 2418 
2417 2467 
2418 2419 
2418 2468 
2419 2420 
2419 2469 
2420 2421 
2420 2470 
2421 2422 
2421 2471 
2422 2423 
2422 2472 
2423 2424 
2423 2473 
2424 2425 
2424 2474 
2425 2426 
2425 2475 
2426 2427 
2426 2476 
2427 2428 
2427 2477 
2428 2429 
2428 2478 
2429 2430 
2429 2479 
2430 2431 
2430 2480 
2431 2432 
2431 2481 
2432 2433 
2432 2482 
2433 2434 
2433 2483 
2434 2435 
2434 2484 
2435 2436 
2435 2485 
2436 2437 
2436 2486 
2437 2438 
2437 2487 
2438 2439 
2438 2488 
2439 2440 
2439 2489 
2440 2441 
2440 2490 
2441 2442 
2441 2491 
2442 2443 
2442 2492 
2443 2444 
2443 2493 
2444 2445 
2444 2494 
2445 2446 
2445 2495 
2446 2447 
2446 2496 
2447 2448 
2447 2497 
2448 2449 
2448 2498 
2449 2499 
2450 2451 
2451 2452 
2452 2453 
2453 2454 
2454 2455 
2455 2456 
2456 2457 
2457 2458 
2458 2459 
2459 2460 
2460 2461 
2461 2462 
2462 2463 
2463 2464 
2464 2465 
2465 2466 
2466 2467 
2467 2468 
2468 2469 
2469 2470 
2470 2471 
2471 2472 
2472 2473 
2473 2474 
2474 2475 
2475 2476 
2476 2477 
2477 2478 
2478 2479 
2479 2480 
2480 2481 
2481 2482 
2482 2483 
2483 2484 
2484 2485 
2485 2486 
2486 2487 
2487 2488 
2488 2489 
2489 2490 
2490 2491 
2491 2492 
2492 2493 
2493 2494 
2494 2495 
2495 2496 
2496 2497 
2497 2498 
2498 2499 
