25 25 0.485833
1:0.101459 2:0.0471608 3:0.0333884 4:0.185037 5:0.331666 6:0.0585465 7:0.174737 8:0.0680042 
0 1 
0 25 
1 2 
1 26 
2 3 
2 27 
3 4 
3 28 
4 5 
4 29 
5 6 
5 30 
6 7 4
6 31 4
7 8 4
7 32 4
8 9 1,4
8 33 1,4
9 10 1,4
9 34 1,4
10 11 1
10 35 1,4
11 12 1
11 36 1
12 13 
12 37 1
13 14 
13 38 
14 15 6
14 39 6
15 16 6
15 40 6
16 17 6
16 41 6
17 18 6
17 42 6
18 19 6
18 43 6
19 20 6
19 44 6
20 21 6
20 45 6
21 22 6
21 46 6
22 23 6
22 47 6
23 24 6
23 48 6
24 49 
25 26 
25 50 
26 27 
26 51 
27 28 
27 52 
28 29 
28 53 
29 30 
29 54 
30 31 4
30 55 4
31 32 4
31 56 4
32 33 1,4
32 57 1,4
33 34 1,4
33 58 1,4
34 35 1,4
34 59 1,4
35 36 1,4
35 60 1,4
36 37 1
36 61 1,4
37 38 1
37 62 1
38 39 6
38 63 1
39 40 6
39 64 6
40 41 6
40 65 6
41 42 6
41 66 6
42 43 6
42 67 6
43 44 6
43 68 6
44 45 6
44 69 6
45 46 6
45 70 6
46 47 6
46 71 6
47 48 6
47 72 6
48 49 6
48 73 6
49 74 
50 51 
50 75 
51 52 
51 76 
52 53 
52 77 
53 54 
53 78 
54 55 4
54 79 4
55 56 4
55 80 4
56 57 1,4
56 81 1,4
57 58 1,4
57 82 1,4
58 59 1,4
58 83 1,4
59 60 1,4
59 84 1,4
60 61 1,4
60 85 1,4
61 62 1,4
61 86 1,4
62 63 1
62 87 1,4
63 64 1
63 88 1
64 65 6
64 89 1
65 66 6
65 90 2,6
66 67 6
66 91 6
67 68 6
67 92 6
68 69 6
68 93 6
69 70 6
69 94 6
70 71 6
70 95 6
71 72 6
71 96 6
72 73 6
72 97 6
73 74 
73 98 
74 99 
75 76 
75 100 
76 77 
76 101 
77 78 
77 102 
78 79 4
78 103 
79 80 4
79 104 4
80 81 1,4
80 105 4
81 82 1,4
81 106 1,4
82 83 1,4
82 107 1,4
83 84 1,4
83 108 1,4
84 85 1,4
84 109 1,4
85 86 1,4
85 110 1,4
86 87 1,4
86 111 1,4
87 88 1,4
87 112 1,4
88 89 1
88 113 1
89 90 1,2
89 114 1,2
90 91 2,6
90 115 2
91 92 6
91 116 2,6
92 93 6
92 117 6
93 94 6
93 118 6
94 95 6
94 119 6
95 96 6
95 120 6
96 97 6
96 121 6
97 98 
97 122 
98 99 
98 123 
99 124 
100 101 
100 125 
101 102 
101 126 
102 103 
102 127 
103 104 
103 128 
104 105 4
104 129 
105 106 4
105 130 3,4
106 107 1,4
106 131 4
107 108 1,4
107 132 1,4
108 109 1,4
108 133 1,4
109 110 1,4
109 134 1,4
110 111 1,4
110 135 1,4
111 112 1
111 136 1
112 113 1
112 137 1
113 114 2
113 138 2
114 115 2
114 139 2
115 116 2
115 140 2
116 117 2,6
116 141 2
117 118 6
117 142 2,6
118 119 6
118 143 6
119 120 6
119 144 6
120 121 6
120 145 6
121 122 
121 146 
122 123 
122 147 
123 124 
123 148 
124 149 
125 126 
125 150 
126 127 
126 151 
127 128 
127 152 
128 129 
128 153 
129 130 3
129 154 3
130 131 3,4
130 155 3
131 132 4
131 156 3,4
132 133 1,4
132 157 4
133 134 1,4
133 158 1,4
134 135 1,4
134 159 1,4
135 136 1
135 160 1
136 137 1
136 161 1
137 138 2
137 162 2
138 139 2
138 163 2
139 140 2
139 164 2
140 141 2
140 165 2
141 142 2
141 166 2
142 143 2,6
142 167 2
143 144 6
143 168 2,6
144 145 6
144 169 6
145 146 
145 170 
146 147 
146 171 
147 148 
147 172 
148 149 
148 173 
149 174 
150 151 
150 175 
151 152 
151 176 
152 153 
152 177 
153 154 3
153 178 3
154 155 3
154 179 3
155 156 3
155 180 3
156 157 3,4
156 181 3
157 158 4
157 182 3,4
158 159 1,4
158 183 4
159 160 1
159 184 1
160 161 1
160 185 1
161 162 2
161 186 2
162 163 2
162 187 2
163 164 2
163 188 2
164 165 2
164 189 2
165 166 2
165 190 2
166 167 2
166 191 2
167 168 2
167 192 2
168 169 2
168 193 2
169 170 
169 194 
170 171 
170 195 
171 172 
171 196 
172 173 
172 197 
173 174 
173 198 
174 199 
175 176 
175 200 
176 177 
176 201 
177 178 3
177 202 3
178 179 3
178 203 3
179 180 3
179 204 3
180 181 3
180 205 3
181 182 3
181 206 3
182 183 3
182 207 3
183 184 
183 208 3,8
184 185 
184 209 
185 186 2
185 210 
186 187 2
186 211 2
187 188 2
187 212 2
188 189 2
188 213 2
189 190 2
189 214 2
190 191 2
190 215 2
191 192 2
191 216 2
192 193 2
192 217 2
193 194 2
193 218 2
194 195 
194 219 
195 196 
195 220 
196 197 
196 221 
197 198 
197 222 
198 199 
198 223 
199 224 
200 201 
200 225 
201 202 3
201 226 3
202 203 3
202 227 3
203 204 3
203 228 3
204 205 3
204 229 3
205 206 3
205 230 3
206 207 3
206 231 3
207 208 3,8
207 232 3,8
208 209 3,8
208 233 3,8
209 210 
209 234 8
210 211 
210 235 
211 212 2
211 236 
212 213 2
212 237 2
213 214 2
213 238 2
214 215 2
214 239 2
215 216 2
215 240 2
216 217 2
216 241 2
217 218 2
217 242 2
218 219 
218 243 
219 220 
219 244 
220 221 
220 245 
221 222 
221 246 
222 223 
222 247 
223 224 
223 248 
224 249 
225 226 3
225 250 
226 227 3
226 251 3
227 228 3
227 252 3
228 229 3
228 253 3
229 230 3
229 254 3
230 231 3
230 255 3
231 232 3,8
231 256 3,8
232 233 3,8
232 257 3,8
233 234 3,8
233 258 3,8
234 235 8
234 259 8
235 236 
235 260 8
236 237 
236 261 
237 238 2
237 262 
238 239 2
238 263 
239 240 2
239 264 2
240 241 2
240 265 2
241 242 2
241 266 2
242 243 
242 267 
243 244 
243 268 
244 245 
244 269 
245 246 
245 270 
246 247 
246 271 
247 248 
247 272 
248 249 
248 273 
249 274 
250 251 
250 275 
251 252 3
251 276 
252 253 3
252 277 3
253 254 3
253 278 3
254 255 3
254 279 3
255 256 3,8
255 280 3,8
256 257 3,8
256 281 3,8
257 258 3,8
257 282 3,8
258 259 8
258 283 8
259 260 8
259 284 8
260 261 8
260 285 8
261 262 
261 286 8
262 263 
262 287 
263 264 
263 288 
264 265 2
264 289 
265 266 2
265 290 2
266 267 
266 291 
267 268 
267 292 
268 269 
268 293 
269 270 
269 294 
270 271 
270 295 
271 272 
271 296 
272 273 
272 297 
273 274 
273 298 
274 299 
275 276 
275 300 
276 277 
276 301 
277 278 3
277 302 
278 279 3
278 303 
279 280 3,8
279 304 3,8
280 281 3,8
280 305 3,8
281 282 3,8
281 306 3,8
282 283 8
282 307 8
283 284 8
283 308 8
284 285 8
284 309 8
285 286 8
285 310 8
286 287 8
286 311 8
287 288 
287 312 
288 289 
288 313 
289 290 
289 314 
290 291 
290 315 
291 292 
291 316 
292 293 
292 317 
293 294 
293 318 
294 295 
294 319 
295 296 
295 320 
296 297 
296 321 
297 298 
297 322 
298 299 
298 323 
299 324 
300 301 
300 325 
301 302 
301 326 
302 303 
302 327 
303 304 8
303 328 
304 305 3,8
304 329 8
305 306 3,8
305 330 3,8
306 307 8
306 331 8
307 308 8
307 332 8
308 309 8
308 333 8
309 310 8
309 334 8
310 311 8
310 335 8
311 312 8
311 336 8
312 313 
312 337 
313 314 
313 338 
314 315 
314 339 
315 316 
315 340 
316 317 
316 341 
317 318 
317 342 
318 319 
318 343 
319 320 
319 344 
320 321 
320 345 
321 322 
321 346 
322 323 
322 347 
323 324 
323 348 
324 349 
325 326 
325 350 
326 327 
326 351 
327 328 
327 352 
328 329 
328 353 
329 330 8
329 354 
330 331 8
330 355 8
331 332 8
331 356 8
332 333 8
332 357 8
333 334 8
333 358 8
334 335 8
334 359 8
335 336 8
335 360 8
336 337 
336 361 
337 338 
337 362 
338 339 
338 363 
339 340 
339 364 
340 341 
340 365 
341 342 
341 366 
342 343 
342 367 
343 344 
343 368 
344 345 
344 369 
345 346 
345 370 
346 347 
346 371 
347 348 
347 372 
348 349 
348 373 
349 374 
350 351 
350 375 
351 352 
351 376 
352 353 
352 377 
353 354 
353 378 
354 355 
354 379 
355 356 8
355 380 
356 357 8
356 381 
357 358 8
357 382 8
358 359 8
358 383 8
359 360 8
359 384 8
360 361 
360 385 
361 362 
361 386 
362 363 
362 387 
363 364 
363 388 
364 365 
364 389 
365 366 
365 390 
366 367 
366 391 
367 368 
367 392 
368 369 
368 393 
369 370 
369 394 
370 371 
370 395 
371 372 
371 396 
372 373 
372 397 
373 374 
373 398 
374 399 
375 376 
375 400 
376 377 
376 401 
377 378 
377 402 
378 379 
378 403 
379 380 
379 404 
380 381 
380 405 
381 382 
381 406 
382 383 8
382 407 
383 384 8
383 408 8
384 385 
384 409 
385 386 
385 410 
386 387 
386 411 
387 388 
387 412 
388 389 
388 413 
389 390 
389 414 
390 391 
390 415 
391 392 
391 416 
392 393 
392 417 
393 394 
393 418 
394 395 
394 419 
395 396 
395 420 
396 397 
396 421 
397 398 
397 422 5
398 399 
398 423 
399 424 
400 401 
400 425 
401 402 
401 426 
402 403 
402 427 
403 404 
403 428 
404 405 
404 429 
405 406 
405 430 
406 407 
406 431 
407 408 
407 432 
408 409 
408 433 
409 410 
409 434 
410 411 
410 435 
411 412 
411 436 
412 413 
412 437 
413 414 
413 438 
414 415 
414 439 
415 416 
415 440 
416 417 
416 441 
417 418 
417 442 
418 419 
418 443 
419 420 
419 444 
420 421 
420 445 
421 422 5
421 446 5
422 423 5
422 447 5
423 424 
423 448 5
424 449 
425 426 
425 450 
426 427 
426 451 
427 428 
427 452 
428 429 
428 453 
429 430 
429 454 
430 431 
430 455 
431 432 
431 456 
432 433 
432 457 
433 434 
433 458 7
434 435 
434 459 
435 436 
435 460 
436 437 
436 461 
437 438 
437 462 
438 439 
438 463 
439 440 
439 464 
440 441 
440 465 
441 442 
441 466 
442 443 
442 467 
443 444 
443 468 
444 445 
444 469 
445 446 5
445 470 
446 447 5
446 471 5
447 448 5
447 472 5
448 449 
448 473 5
449 474 
450 451 
450 475 
451 452 
451 476 
452 453 
452 477 
453 454 
453 478 
454 455 
454 479 
455 456 
455 480 
456 457 
456 481 
457 458 7
457 482 7
458 459 7
458 483 7
459 460 
459 484 7
460 461 
460 485 
461 462 
461 486 
462 463 
462 487 
463 464 
463 488 
464 465 
464 489 
465 466 
465 490 
466 467 
466 491 
467 468 
467 492 
468 469 
468 493 
469 470 
469 494 
470 471 5
470 495 5
471 472 5
471 496 5
472 473 5
472 497 5
473 474 5
473 498 5
474 499 5
475 476 
475 500 
476 477 
476 501 
477 478 
477 502 
478 479 
478 503 
479 480 
479 504 
480 481 
480 505 
481 482 7
481 506 7
482 483 7
482 507 7
483 484 7
483 508 7
484 485 7
484 509 7
485 486 
485 510 7
486 487 
486 511 
487 488 
487 512 
488 489 
488 513 
489 490 
489 514 
490 491 
490 515 
491 492 
491 516 
492 493 
492 517 
493 494 
493 518 
494 495 5
494 519 5
495 496 5
495 520 5
496 497 5
496 521 5
497 498 5
497 522 5
498 499 5
498 523 5
499 524 5
500 501 
500 525 
501 502 
501 526 
502 503 
502 527 
503 504 
503 528 
504 505 
504 529 
505 506 7
505 530 7
506 507 7
506 531 7
507 508 7
507 532 7
508 509 7
508 533 7
509 510 7
509 534 7
510 511 7
510 535 7
511 512 
511 536 7
512 513 
512 537 
513 514 
513 538 
514 515 
514 539 
515 516 
515 540 
516 517 
516 541 
517 518 
517 542 
518 519 5
518 543 5
519 520 5
519 544 5
520 521 5
520 545 5
521 522 5
521 546 5
522 523 5
522 547 5
523 524 5
523 548 5
524 549 5
525 526 
525 550 
526 527 
526 551 
527 528 
527 552 
528 529 
528 553 
529 530 7
529 554 7
530 531 7
530 555 7
531 532 7
531 556 7
532 533 7
532 557 7
533 534 7
533 558 7
534 535 7
534 559 7
535 536 7
535 560 7
536 537 7
536 561 7
537 538 
537 562 7
538 539 
538 563 
539 540 
539 564 
540 541 
540 565 
541 542 
541 566 
542 543 5
542 567 
543 544 5
543 568 5
544 545 5
544 569 5
545 546 5
545 570 5
546 547 5
546 571 5
547 548 5
547 572 5
548 549 5
548 573 5
549 574 5
550 551 
550 575 
551 552 
551 576 
552 553 
552 577 
553 554 7
553 578 
554 555 7
554 579 7
555 556 7
555 580 7
556 557 7
556 581 7
557 558 7
557 582 7
558 559 7
558 583 7
559 560 7
559 584 7
560 561 7
560 585 7
561 562 7
561 586 7
562 563 7
562 587 7
563 564 
563 588 
564 565 
564 589 
565 566 
565 590 
566 567 
566 591 
567 568 
567 592 
568 569 5
568 593 
569 570 5
569 594 5
570 571 5
570 595 5
571 572 5
571 596 5
572 573 5
572 597 5
573 574 5
573 598 5
574 599 5
575 576 
575 600 
576 577 
576 601 
577 578 
577 602 
578 579 
578 603 
579 580 7
579 604 
580 581 7
580 605 7
581 582 7
581 606 7
582 583 7
582 607 7
583 584 7
583 608 7
584 585 7
584 609 7
585 586 7
585 610 7
586 587 7
586 611 7
587 588 
587 612 
588 589 
588 613 
589 590 
589 614 
590 591 
590 615 
591 592 
591 616 
592 593 
592 617 
593 594 
593 618 
594 595 5
594 619 
595 596 5
595 620 5
596 597 5
596 621 5
597 598 5
597 622 5
598 599 5
598 623 5
599 624 5
600 601 
601 602 
602 603 
603 604 
604 605 
605 606 7
606 607 7
607 608 7
608 609 7
609 610 7
610 611 7
611 612 
612 613 
613 614 
614 615 
615 616 
616 617 
617 618 
618 619 
619 620 
620 621 5
621 622 5
622 623 5
623 624 5
