20 20
1:0.333333 2:0.0666667 3:0.2 4:0.0666667 5:0.333333 
0 1 
0 20 1,2
1 2 
1 21 
2 3 1
2 22 1,3
3 4 
3 23 2
4 5 
4 24 
5 6 
5 25 
6 7 1,2,5
6 26 2
7 8 3
7 27 
8 9 
8 28 
9 10 4
9 29 
10 11 
10 30 3,4
11 12 
11 31 
12 13 
12 32 
13 14 
13 33 
14 15 
14 34 1
15 16 
15 35 
16 17 
16 36 3
17 18 
17 37 
18 19 2
18 38 5
19 39 
20 21 
20 40 
21 22 
21 41 4
22 23 
22 42 
23 24 
23 43 5
24 25 3
24 44 
25 26 4
25 45 
26 27 4
26 46 5
27 28 
27 47 1
28 29 
28 48 
29 30 
29 49 4
30 31 
30 50 
31 32 
31 51 
32 33 
32 52 
33 34 2
33 53 
34 35 
34 54 4
35 36 
35 55 
36 37 2
36 56 
37 38 
37 57 1
38 39 
38 58 
39 59 
40 41 5
40 60 4
41 42 
41 61 
42 43 
42 62 
43 44 
43 63 
44 45 3
44 64 
45 46 2
45 65 3
46 47 3,4
46 66 1
47 48 
47 67 
48 49 
48 68 
49 50 
49 69 
50 51 
50 70 
51 52 
51 71 3
52 53 
52 72 3
53 54 2
53 73 
54 55 1
54 74 2
55 56 4
55 75 1
56 57 
56 76 3
57 58 3
57 77 
58 59 2,5
58 78 
59 79 5
60 61 5
60 80 
61 62 1
61 81 
62 63 
62 82 
63 64 
63 83 1,3
64 65 5
64 84 
65 66 1
65 85 4
66 67 
66 86 
67 68 2
67 87 
68 69 
68 88 
69 70 
69 89 
70 71 
70 90 
71 72 
71 91 2
72 73 
72 92 
73 74 
73 93 
74 75 
74 94 
75 76 
75 95 3,5
76 77 1
76 96 
77 78 1
77 97 
78 79 
78 98 1
79 99 
80 81 
80 100 2
81 82 5
81 101 
82 83 2
82 102 
83 84 1
83 103 
84 85 
84 104 
85 86 
85 105 2,5
86 87 
86 106 
87 88 4
87 107 
88 89 1,4
88 108 
89 90 4
89 109 
90 91 
90 110 4
91 92 
91 111 2,4
92 93 
92 112 
93 94 
93 113 
94 95 
94 114 4
95 96 
95 115 
96 97 
96 116 
97 98 1,3
97 117 3
98 99 1,2,5
98 118 1,4
99 119 4
100 101 
100 120 4
101 102 1
101 121 
102 103 2,5
102 122 
103 104 
103 123 4
104 105 
104 124 2
105 106 1,2
105 125 1
106 107 1
106 126 
107 108 
107 127 
108 109 
108 128 
109 110 
109 129 
110 111 
110 130 
111 112 
111 131 5
112 113 5
112 132 
113 114 
113 133 
114 115 
114 134 
115 116 
115 135 4
116 117 
116 136 
117 118 2,3
117 137 
118 119 5
118 138 2,5
119 139 
120 121 1
120 140 2
121 122 
121 141 
122 123 
122 142 5
123 124 
123 143 
124 125 1,2
124 144 2,5
125 126 
125 145 3
126 127 1
126 146 
127 128 3
127 147 
128 129 
128 148 4
129 130 2
129 149 3
130 131 
130 150 3
131 132 5
131 151 3
132 133 2,4
132 152 
133 134 
133 153 
134 135 
134 154 
135 136 4
135 155 3
136 137 2
136 156 
137 138 
137 157 4
138 139 
138 158 
139 159 1
140 141 
140 160 
141 142 
141 161 2
142 143 
142 162 3,5
143 144 
143 163 
144 145 2
144 164 2
145 146 
145 165 
146 147 
146 166 
147 148 
147 167 
148 149 2
148 168 
149 150 
149 169 1
150 151 
150 170 
151 152 
151 171 4
152 153 
152 172 
153 154 5
153 173 
154 155 2
154 174 2,5
155 156 
155 175 
156 157 
156 176 
157 158 
157 177 
158 159 2
158 178 3,4
159 179 1
160 161 5
160 180 1
161 162 
161 181 5
162 163 1,5
162 182 
163 164 
163 183 
164 165 
164 184 
165 166 
165 185 
166 167 
166 186 2
167 168 
167 187 
168 169 
168 188 2,5
169 170 
169 189 
170 171 
170 190 
171 172 
171 191 2
172 173 
172 192 
173 174 
173 193 
174 175 4
174 194 4
175 176 
175 195 2
176 177 3
176 196 
177 178 2,5
177 197 
178 179 
178 198 
179 199 
180 181 
180 200 5
181 182 
181 201 
182 183 
182 202 
183 184 
183 203 
184 185 5
184 204 
185 186 
185 205 
186 187 
186 206 
187 188 
187 207 
188 189 
188 208 3,5
189 190 2
189 209 
190 191 
190 210 
191 192 
191 211 
192 193 
192 212 
193 194 
193 213 
194 195 2
194 214 
195 196 
195 215 
196 197 3,4
196 216 
197 198 
197 217 
198 199 4
198 218 
199 219 
200 201 4
200 220 1
201 202 5
201 221 4
202 203 3
202 222 
203 204 2,5
203 223 
204 205 
204 224 3
205 206 
205 225 
206 207 
206 226 
207 208 
207 227 5
208 209 
208 228 
209 210 
209 229 
210 211 3
210 230 5
211 212 2
211 231 
212 213 
212 232 
213 214 
213 233 
214 215 
214 234 
215 216 
215 235 1,4
216 217 
216 236 3,4
217 218 4
217 237 
218 219 
218 238 
219 239 
220 221 
220 240 
221 222 
221 241 
222 223 
222 242 
223 224 1
223 243 
224 225 3
224 244 5
225 226 
225 245 
226 227 
226 246 
227 228 
227 247 
228 229 2
228 248 
229 230 
229 249 2
230 231 
230 250 
231 232 
231 251 
232 233 
232 252 
233 234 3
233 253 5
234 235 4
234 254 1
235 236 
235 255 3
236 237 
236 256 
237 238 3
237 257 3
238 239 
238 258 1
239 259 
240 241 
240 260 
241 242 
241 261 
242 243 
242 262 
243 244 
243 263 2,4
244 245 
244 264 1,4
245 246 1
245 265 4
246 247 
246 266 
247 248 2
247 267 
248 249 
248 268 3
249 250 
249 269 
250 251 
250 270 
251 252 5
251 271 
252 253 4
252 272 
253 254 
253 273 
254 255 3,5
254 274 
255 256 
255 275 4
256 257 
256 276 
257 258 4
257 277 5
258 259 
258 278 1
259 279 
260 261 
260 280 
261 262 3,5
261 281 1
262 263 4,5
262 282 
263 264 
263 283 
264 265 3
264 284 1
265 266 
265 285 
266 267 
266 286 
267 268 
267 287 
268 269 
268 288 1,5
269 270 
269 289 
270 271 
270 290 4
271 272 
271 291 5
272 273 2,4
272 292 
273 274 1,5
273 293 
274 275 3,4
274 294 3
275 276 4
275 295 
276 277 
276 296 1
277 278 
277 297 1
278 279 
278 298 
279 299 5
280 281 
280 300 
281 282 
281 301 2
282 283 1,2
282 302 2
283 284 
283 303 
284 285 1
284 304 
285 286 4,5
285 305 5
286 287 
286 306 4
287 288 2,4
287 307 
288 289 
288 308 
289 290 
289 309 1,4,5
290 291 
290 310 1
291 292 1,2,3
291 311 
292 293 3
292 312 
293 294 
293 313 
294 295 
294 314 
295 296 
295 315 
296 297 4
296 316 3
297 298 
297 317 
298 299 
298 318 1
299 319 
300 301 
300 320 
301 302 
301 321 
302 303 2
302 322 
303 304 
303 323 
304 305 2
304 324 1
305 306 1
305 325 1,2
306 307 
306 326 3,5
307 308 1,5
307 327 
308 309 
308 328 5
309 310 
309 329 4
310 311 4
310 330 
311 312 
311 331 
312 313 
312 332 3
313 314 
313 333 3
314 315 4
314 334 
315 316 
315 335 
316 317 
316 336 
317 318 
317 337 3
318 319 5
318 338 2
319 339 
320 321 
320 340 
321 322 3
321 341 4
322 323 
322 342 2
323 324 
323 343 1
324 325 
324 344 
325 326 
325 345 
326 327 
326 346 
327 328 4
327 347 
328 329 
328 348 
329 330 
329 349 
330 331 
330 350 
331 332 5
331 351 
332 333 
332 352 
333 334 
333 353 
334 335 
334 354 1
335 336 4
335 355 
336 337 
336 356 
337 338 5
337 357 
338 339 
338 358 1
339 359 2
340 341 4
340 360 
341 342 
341 361 
342 343 
342 362 
343 344 
343 363 2
344 345 1
344 364 5
345 346 
345 365 2
346 347 
346 366 
347 348 
347 367 5
348 349 
348 368 
349 350 
349 369 
350 351 5
350 370 
351 352 1
351 371 
352 353 2
352 372 
353 354 
353 373 1
354 355 4
354 374 
355 356 
355 375 
356 357 3
356 376 
357 358 
357 377 
358 359 1
358 378 4
359 379 
360 361 4
360 380 
361 362 
361 381 5
362 363 
362 382 
363 364 
363 383 
364 365 1
364 384 
365 366 5
365 385 4
366 367 2
366 386 
367 368 5
367 387 1
368 369 2
368 388 
369 370 
369 389 2,3
370 371 
370 390 
371 372 
371 391 1
372 373 
372 392 
373 374 
373 393 
374 375 
374 394 1
375 376 4,5
375 395 
376 377 1,5
376 396 1
377 378 1,5
377 397 1
378 379 
378 398 5
379 399 
380 381 
381 382 
382 383 
383 384 
384 385 
385 386 
386 387 2,4
387 388 2
388 389 
389 390 2,5
390 391 2
391 392 4,5
392 393 
393 394 
394 395 4
395 396 
396 397 
397 398 
398 399 3
