10 10 3
0 0 1 0 2 0 3 1 4 1 5 1 6 2 7 2 8 2 
7 88 90
0 1 0 1 0 0 0 1 0 
1 3 7 
0 1 
0 10 6
1 2 
1 11 
2 3 
2 12 
3 4 
3 13 
4 5 2
4 14 2,8
5 6 2
5 15 2
6 7 
6 16 
7 8 
7 17 
8 9 
8 18 
9 19 
10 11 6
10 20 6
11 12 
11 21 6
12 13 
12 22 
13 14 2,8
13 23 8
14 15 2,8
14 24 2,8
15 16 2
15 25 2
16 17 
16 26 2
17 18 
17 27 
18 19 
18 28 
19 29 
20 21 6
20 30 6
21 22 6
21 31 6
22 23 8
22 32 6
23 24 2,8
23 33 8
24 25 2,8
24 34 2,8
25 26 2
25 35 2,8
26 27 2
26 36 2
27 28 
27 37 
28 29 
28 38 0
29 39 
30 31 6
30 40 6,7
31 32 6
31 41 6
32 33 6,8
32 42 6
33 34 8
33 43 3,8
34 35 2,8
34 44 8
35 36 2,8
35 45 2,8
36 37 
36 46 1
37 38 0
37 47 0,5
38 39 0
38 48 0
39 49 
40 41 6,7
40 50 6,7
41 42 6
41 51 6,7
42 43 3
42 52 3
43 44 3,8
43 53 3
44 45 8
44 54 8
45 46 1
45 55 1
46 47 0,1,5
46 56 1,5
47 48 0,5
47 57 0,5
48 49 0
48 58 0
49 59 0
50 51 6,7
50 60 6,7
51 52 3,7
51 61 7
52 53 3
52 62 3,7
53 54 3
53 63 3
54 55 1
54 64 3
55 56 1,5
55 65 1
56 57 0,1,5
56 66 1,5
57 58 0,5
57 67 0,1,5
58 59 0
58 68 0,5
59 69 0
60 61 7
60 70 7
61 62 3,7
61 71 7
62 63 3,7
62 72 3,7
63 64 3
63 73 3
64 65 1,3
64 74 3
65 66 1,5
65 75 1,4
66 67 1,5
66 76 1,5
67 68 0,1,5
67 77 1,5
68 69 0,5
68 78 0,5
69 79 
70 71 7
70 80 7
71 72 7
71 81 7
72 73 3
72 82 
73 74 3
73 83 3
74 75 4
74 84 4
75 76 1,4
75 85 4
76 77 1,5
76 86 1,4
77 78 5
77 87 5
78 79 
78 88 
79 89 
80 81 7
80 90 7
81 82 
81 91 
82 83 
82 92 
83 84 4
83 93 4
84 85 4
84 94 4
85 86 4
85 95 4
86 87 4
86 96 4
87 88 
87 97 4
88 89 
88 98 
89 99 
90 91 
91 92 
92 93 4
93 94 4
94 95 4
95 96 4
96 97 4
97 98 4
98 99 
