15 15
1:0.0447761 2:0.283582 3:0.0746269 4:0.373134 5:0.223881 
0 1 
0 15 
1 2 
1 16 
2 3 
2 17 
3 4 
3 18 
4 5 
4 19 
5 6 
5 20 
6 7 2
6 21 
7 8 
7 22 
8 9 
8 23 3
9 10 
9 24 
10 11 
10 25 5
11 12 
11 26 5
12 13 
12 27 
13 14 
13 28 2
14 29 
15 16 
15 30 3
16 17 
16 31 
17 18 1
17 32 
18 19 
18 33 2
19 20 
19 34 2
20 21 
20 35 
21 22 3,4
21 36 
22 23 5
22 37 
23 24 
23 38 3
24 25 
24 39 
25 26 2
25 40 
26 27 5
26 41 
27 28 
27 42 1
28 29 2
28 43 
29 44 
30 31 1
30 45 
31 32 
31 46 5
32 33 4
32 47 
33 34 
33 48 
34 35 
34 49 
35 36 
35 50 
36 37 4
36 51 
37 38 
37 52 1
38 39 
38 53 
39 40 4
39 54 1,2
40 41 
40 55 
41 42 
41 56 
42 43 
42 57 5
43 44 
43 58 4
44 59 3
45 46 
45 60 
46 47 
46 61 
47 48 
47 62 
48 49 4
48 63 3
49 50 
49 64 
50 51 
50 65 1
51 52 2
51 66 
52 53 
52 67 
53 54 
53 68 
54 55 4,5
54 69 
55 56 2
55 70 
56 57 
56 71 4
57 58 
57 72 
58 59 4
58 73 
59 74 
60 61 4
60 75 1
61 62 
61 76 
62 63 
62 77 
63 64 
63 78 
64 65 
64 79 
65 66 
65 80 
66 67 
66 81 
67 68 4,5
67 82 2
68 69 
68 83 3
69 70 3
69 84 5
70 71 
70 85 
71 72 
71 86 1,4
72 73 
72 87 
73 74 
73 88 1,5
74 89 
75 76 
75 90 
76 77 3
76 91 
77 78 
77 92 
78 79 
78 93 5
79 80 
79 94 
80 81 4
80 95 
81 82 
81 96 
82 83 
82 97 
83 84 
83 98 
84 85 
84 99 
85 86 
85 100 4
86 87 
86 101 2
87 88 
87 102 
88 89 4
88 103 
89 104 
90 91 3
90 105 3
91 92 
91 106 
92 93 1,3
92 107 
93 94 
93 108 3
94 95 
94 109 
95 96 
95 110 
96 97 
96 111 2
97 98 
97 112 
98 99 1
98 113 
99 100 2
99 114 
100 101 
100 115 
101 102 1,3,5
101 116 
102 103 
102 117 
103 104 
103 118 
104 119 1,2,4
105 106 2
105 120 1
106 107 
106 121 
107 108 3
107 122 3
108 109 
108 123 
109 110 
109 124 2
110 111 
110 125 
111 112 
111 126 
112 113 1,5
112 127 3
113 114 2
113 128 
114 115 
114 129 
115 116 4
115 130 
116 117 2
116 131 5
117 118 
117 132 1
118 119 
118 133 
119 134 2
120 121 4
120 135 4
121 122 2
121 136 4
122 123 5
122 137 
123 124 4
123 138 
124 125 5
124 139 4
125 126 
125 140 
126 127 
126 141 
127 128 
127 142 
128 129 2
128 143 2
129 130 5
129 144 
130 131 1
130 145 
131 132 
131 146 1
132 133 
132 147 
133 134 2,4
133 148 
134 149 
135 136 3
135 150 4
136 137 
136 151 
137 138 2,4
137 152 
138 139 2,3
138 153 
139 140 
139 154 3,4
140 141 
140 155 
141 142 
141 156 4
142 143 
142 157 2,5
143 144 1
143 158 5
144 145 
144 159 
145 146 2
145 160 2
146 147 
146 161 
147 148 
147 162 1
148 149 
148 163 
149 164 
150 151 2,3
150 165 
151 152 
151 166 
152 153 
152 167 
153 154 
153 168 
154 155 2
154 169 1
155 156 
155 170 5
156 157 2
156 171 
157 158 
157 172 
158 159 4
158 173 
159 160 2
159 174 
160 161 
160 175 
161 162 
161 176 4
162 163 
162 177 
163 164 
163 178 
164 179 4,5
165 166 
165 180 
166 167 4
166 181 3
167 168 
167 182 2,5
168 169 1
168 183 3
169 170 4
169 184 
170 171 4
170 185 1
171 172 4
171 186 3
172 173 
172 187 
173 174 
173 188 1
174 175 
174 189 
175 176 
175 190 3,4
176 177 
176 191 
177 178 5
177 192 5
178 179 3
178 193 
179 194 5
180 181 
180 195 
181 182 
181 196 5
182 183 
182 197 5
183 184 
183 198 
184 185 4
184 199 
185 186 
185 200 
186 187 3
186 201 3
187 188 
187 202 
188 189 
188 203 4
189 190 5
189 204 1
190 191 
190 205 
191 192 
191 206 
192 193 
192 207 
193 194 
193 208 
194 209 4
195 196 4
195 210 
196 197 
196 211 2
197 198 1
197 212 4
198 199 
198 213 
199 200 
199 214 1
200 201 3
200 215 4,5
201 202 
201 216 5
202 203 
202 217 5
203 204 2
203 218 2
204 205 5
204 219 
205 206 3
205 220 
206 207 4
206 221 
207 208 
207 222 2
208 209 3
208 223 
209 224 
210 211 3
211 212 1
212 213 5
213 214 5
214 215 
215 216 4
216 217 
217 218 5
218 219 2
219 220 3
220 221 
221 222 
222 223 
223 224 
