15 15
1:0.0175439 2:0.333333 3:0.438596 4:0.0701754 5:0.140351 
0 1 
0 15 3
1 2 2,3
1 16 3
2 3 1
2 17 3
3 4 
3 18 
4 5 
4 19 
5 6 4
5 20 
6 7 
6 21 1
7 8 
7 22 3,4,5
8 9 4
8 23 
9 10 1
9 24 5
10 11 
10 25 
11 12 
11 26 2,4
12 13 1
12 27 2
13 14 
13 28 
14 29 5
15 16 1,5
15 30 
16 17 2
16 31 
17 18 
17 32 1
18 19 
18 33 
19 20 
19 34 5
20 21 2
20 35 
21 22 
21 36 1
22 23 
22 37 2
23 24 
23 38 4
24 25 
24 39 5
25 26 
25 40 
26 27 
26 41 
27 28 
27 42 
28 29 2
28 43 
29 44 
30 31 
30 45 
31 32 1
31 46 
32 33 5
32 47 
33 34 1,5
33 48 
34 35 
34 49 
35 36 3
35 50 
36 37 
36 51 
37 38 1,3
37 52 3
38 39 5
38 53 5
39 40 5
39 54 
40 41 
40 55 
41 42 5
41 56 
42 43 
42 57 
43 44 5
43 58 
44 59 5
45 46 
45 60 
46 47 4
46 61 
47 48 3
47 62 3
48 49 1,4
48 63 
49 50 
49 64 
50 51 2
50 65 3
51 52 2,5
51 66 5
52 53 
52 67 4
53 54 
53 68 
54 55 2
54 69 
55 56 3
55 70 
56 57 
56 71 
57 58 3
57 72 
58 59 3,4
58 73 
59 74 
60 61 
60 75 
61 62 
61 76 
62 63 
62 77 
63 64 
63 78 
64 65 1,5
64 79 
65 66 3
65 80 
66 67 
66 81 
67 68 
67 82 4
68 69 
68 83 2,3
69 70 4,5
69 84 
70 71 
70 85 3
71 72 
71 86 
72 73 
72 87 
73 74 3
73 88 
74 89 
75 76 2
75 90 
76 77 
76 91 4
77 78 
77 92 2,3
78 79 
78 93 
79 80 5
79 94 
80 81 
80 95 
81 82 3
81 96 
82 83 
82 97 2
83 84 2
83 98 
84 85 
84 99 
85 86 4
85 100 4
86 87 
86 101 
87 88 5
87 102 
88 89 
88 103 2,5
89 104 
90 91 1
90 105 
91 92 2
91 106 
92 93 
92 107 4
93 94 2,3
93 108 
94 95 
94 109 3,4
95 96 
95 110 3
96 97 
96 111 
97 98 
97 112 
98 99 
98 113 1
99 100 
99 114 
100 101 
100 115 
101 102 2
101 116 1
102 103 1
102 117 3
103 104 
103 118 
104 119 4
105 106 4
105 120 2
106 107 
106 121 
107 108 
107 122 
108 109 5
108 123 
109 110 
109 124 
110 111 
110 125 1
111 112 
111 126 1,3
112 113 
112 127 5
113 114 
113 128 
114 115 
114 129 
115 116 
115 130 1
116 117 3,4
116 131 
117 118 
117 132 
118 119 
118 133 3
119 134 
120 121 3
120 135 
121 122 
121 136 
122 123 3
122 137 
123 124 
123 138 
124 125 3
124 139 4
125 126 
125 140 
126 127 
126 141 3
127 128 3
127 142 
128 129 1
128 143 
129 130 5
129 144 1,4
130 131 
130 145 
131 132 5
131 146 4
132 133 
132 147 
133 134 
133 148 
134 149 
135 136 
135 150 3
136 137 4
136 151 
137 138 
137 152 5
138 139 
138 153 3
139 140 
139 154 
140 141 
140 155 2
141 142 4
141 156 
142 143 
142 157 
143 144 
143 158 1
144 145 
144 159 
145 146 4
145 160 
146 147 2
146 161 1
147 148 
147 162 5
148 149 
148 163 5
149 164 1
150 151 
150 165 
151 152 
151 166 
152 153 
152 167 1
153 154 4
153 168 1
154 155 3
154 169 3
155 156 2
155 170 
156 157 2
156 171 
157 158 
157 172 
158 159 
158 173 
159 160 5
159 174 1,2
160 161 
160 175 3,5
161 162 4
161 176 
162 163 1
162 177 2,4
163 164 
163 178 1,4
164 179 1
165 166 4
165 180 2,5
166 167 1,3
166 181 5
167 168 
167 182 
168 169 5
168 183 
169 170 
169 184 
170 171 
170 185 
171 172 
171 186 2,3
172 173 
172 187 4
173 174 3
173 188 
174 175 
174 189 5
175 176 
175 190 
176 177 1,4,5
176 191 1
177 178 2
177 192 1
178 179 5
178 193 
179 194 
180 181 
180 195 
181 182 
181 196 
182 183 
182 197 
183 184 
183 198 
184 185 
184 199 5
185 186 
185 200 1
186 187 1
186 201 
187 188 
187 202 
188 189 
188 203 2
189 190 
189 204 
190 191 1
190 205 
191 192 
191 206 
192 193 2
192 207 
193 194 3
193 208 
194 209 
195 196 5
195 210 
196 197 
196 211 5
197 198 4
197 212 
198 199 
198 213 
199 200 
199 214 3
200 201 
200 215 
201 202 
201 216 
202 203 
202 217 5
203 204 2,4
203 218 
204 205 
204 219 
205 206 5
205 220 4
206 207 
206 221 
207 208 5
207 222 
208 209 5
208 223 
209 224 
210 211 3
211 212 1
212 213 
213 214 
214 215 1
215 216 2
216 217 
217 218 
218 219 
219 220 
220 221 
221 222 
222 223 3
223 224 
