20 30 0.651304
0:0.132092 1:0.0563098 2:0.0318776 3:0.77972 4:0.436956 5:0.445016 6:0.0674708 7:0.0505575 8:0.408134 9:0.0722633 10:0.122734 11:0.396868 12:0.244382 13:0.441849 14:0.243523 15:0.0702456 16:0.0044851 17:0.120029 18:0.426469 19:0.449017 20:0.357235 21:0.0830749 22:0.129194 23:0.430495 24:0.185014 25:0.529047 26:0.148088 27:0.137851 28:0.0784773 29:0.281571 30:0.357447 31:0.282504 
0 0 1 0 2 0 3 0 4 1 5 1 6 1 7 1 8 2 9 2 10 2 11 2 12 3 13 3 14 3 15 3 16 4 17 4 18 4 19 4 20 5 21 5 22 5 23 5 24 6 25 6 26 6 27 6 28 7 29 7 30 7 31 7 
0 1 
0 30 
1 2 
1 31 
2 3 
2 32 
3 4 
3 33 
4 5 
4 34 
5 6 
5 35 
6 7 
6 36 
7 8 25
7 37 25
8 9 25,26
8 38 25,26
9 10 24,26
9 39 24,25,26
10 11 24
10 40 24,26
11 12 
11 41 24
12 13 
12 42 
13 14 
13 43 
14 15 
14 44 
15 16 
15 45 
16 17 
16 46 
17 18 
17 47 
18 19 
18 48 
19 20 28
19 49 28
20 21 28
20 50 28
21 22 
21 51 28
22 23 
22 52 
23 24 
23 53 29
24 25 
24 54 
25 26 
25 55 
26 27 
26 56 
27 28 
27 57 20
28 29 
28 58 
29 59 
30 31 
30 60 
31 32 
31 61 
32 33 
32 62 
33 34 
33 63 
34 35 
34 64 
35 36 
35 65 
36 37 25
36 66 25
37 38 25,26
37 67 25,26
38 39 24,25,26
38 68 24,25,26
39 40 24,25,26
39 69 24,25,26
40 41 24,26
40 70 24,26
41 42 24
41 71 24
42 43 
42 72 
43 44 
43 73 
44 45 
44 74 
45 46 
45 75 
46 47 
46 76 
47 48 
47 77 
48 49 28
48 78 28
49 50 28
49 79 28
50 51 28
50 80 28
51 52 28
51 81 28
52 53 29
52 82 29
53 54 29
53 83 29
54 55 
54 84 22,29
55 56 
55 85 
56 57 20
56 86 20
57 58 20
57 87 20
58 59 
58 88 20
59 89 
60 61 
60 90 
61 62 
61 91 
62 63 
62 92 
63 64 
63 93 
64 65 
64 94 
65 66 25
65 95 
66 67 25,26
66 96 25
67 68 24,25,26
67 97 25,26
68 69 24,25,26
68 98 24,25,26
69 70 24,25,26
69 99 24,25,26
70 71 24,26
70 100 24,25,26
71 72 24
71 101 24,26
72 73 
72 102 24
73 74 
73 103 27
74 75 
74 104 
75 76 
75 105 
76 77 
76 106 
77 78 28
77 107 
78 79 28
78 108 28
79 80 28
79 109 28
80 81 28
80 110 28
81 82 28,29
81 111 28
82 83 29
82 112 28,29
83 84 22,29
83 113 22,29
84 85 22,29
84 114 22,29
85 86 20
85 115 20,22
86 87 20
86 116 20,23
87 88 20
87 117 20,21
88 89 20
88 118 20
89 119 
90 91 
90 120 
91 92 
91 121 
92 93 
92 122 
93 94 
93 123 
94 95 
94 124 
95 96 25
95 125 
96 97 25,26
96 126 25
97 98 24,25,26
97 127 25,26
98 99 24,25,26
98 128 15,24,25,26
99 100 24,25,26
99 129 24,25,26
100 101 24,25,26
100 130 24,25,26
101 102 24,26
101 131 24,26
102 103 24,27
102 132 24,27
103 104 27
103 133 27
104 105 
104 134 27
105 106 
105 135 
106 107 
106 136 
107 108 28
107 137 
108 109 28
108 138 28
109 110 28
109 139 28
110 111 28
110 140 28,30,31
111 112 28,29
111 141 28,29
112 113 22,28,29
112 142 28,29
113 114 22,29
113 143 22,29
114 115 20,22,29
114 144 22,29
115 116 20,22,23
115 145 20,22,23,29
116 117 20,21,23
116 146 20,21,23
117 118 20,21
117 147 20,21,23
118 119 20
118 148 20,21
119 149 20
120 121 
120 150 
121 122 
121 151 
122 123 
122 152 
123 124 
123 153 
124 125 
124 154 12
125 126 
125 155 
126 127 25
126 156 
127 128 15,25,26
127 157 13,15,25
128 129 15,24,25,26
128 158 15,25,26
129 130 24,25,26
129 159 15,24,25,26
130 131 24,26
130 160 24,26
131 132 24,27
131 161 24
132 133 27
132 162 27
133 134 27
133 163 27
134 135 27
134 164 27
135 136 
135 165 
136 137 
136 166 
137 138 
137 167 11
138 139 28
138 168 
139 140 28,30,31
139 169 28,30,31
140 141 28,29,30,31
140 170 28,30,31
141 142 28,29
141 171 28,29,30,31
142 143 22,29
142 172 22,29
143 144 22,29
143 173 22,29
144 145 20,22,23,29
144 174 22,29
145 146 20,21,22,23,29
145 175 20,21,22,23,29
146 147 20,21,23
146 176 20,21,22,23
147 148 20,21,23
147 177 20,21,23
148 149 20,21
148 178 20,21
149 179 20
150 151 
150 180 
151 152 
151 181 
152 153 
152 182 
153 154 12
153 183 12
154 155 12
154 184 12
155 156 
155 185 12
156 157 13,15
156 186 13
157 158 13,15,25
157 187 13,15
158 159 15,25,26
158 188 13,15,25
159 160 15,24,26
159 189 15,26
160 161 24
160 190 24
161 162 27
161 191 27
162 163 27
162 192 27
163 164 27
163 193 27
164 165 27
164 194 27
165 166 
165 195 27
166 167 11
166 196 11
167 168 11
167 197 11
168 169 30,31
168 198 11
169 170 28,30,31
169 199 30,31
170 171 28,30,31
170 200 28,30,31
171 172 22,29,30,31
171 201 30,31
172 173 22,29
172 202 22,29
173 174 22,29
173 203 22,29
174 175 21,22,23,29
174 204 22,23,29
175 176 20,21,22,23
175 205 21,22,23
176 177 20,21,22,23
176 206 20,21,22,23
177 178 20,21,23
177 207 20,21,23
178 179 20,21
178 208 20,21,23
179 209 21
180 181 
180 210 
181 182 
181 211 
182 183 12
182 212 
183 184 12
183 213 12
184 185 12
184 214 12
185 186 12,13
185 215 12
186 187 13,15
186 216 13,15
187 188 13,15
187 217 13,15
188 189 13,15
188 218 13,15
189 190 15
189 219 15
190 191 27
190 220 15
191 192 27
191 221 27
192 193 27
192 222 27
193 194 27
193 223 27
194 195 27
194 224 9,27
195 196 11,27
195 225 27
196 197 11
196 226 11
197 198 11
197 227 8,11
198 199 11,30,31
198 228 11,30,31
199 200 30,31
199 229 30,31
200 201 30,31
200 230 30,31
201 202 30,31
201 231 30,31
202 203 22,29
202 232 30,31
203 204 22,23,29
203 233 22,29
204 205 21,22,23
204 234 22,23
205 206 21,22,23
205 235 21,22,23
206 207 20,21,23
206 236 21,23
207 208 20,21,23
207 237 20,21,23
208 209 21,23
208 238 21,23
209 239 21
210 211 
210 240 
211 212 
211 241 
212 213 12
212 242 12
213 214 12
213 243 12,14
214 215 12
214 244 12
215 216 12,13,15
215 245 12,13
216 217 13,15
216 246 12,13,15
217 218 13,15
217 247 13,15
218 219 13,15
218 248 13,15
219 220 15
219 249 13,15
220 221 15
220 250 15
221 222 27
221 251 4
222 223 27
222 252 27
223 224 9,27
223 253 9,27
224 225 9,27
224 254 9,27
225 226 11
225 255 9,11
226 227 8,11
226 256 8,11
227 228 8,11,30,31
227 257 8,11
228 229 11,30,31
228 258 8,11,30,31
229 230 30,31
229 259 11,30,31
230 231 30,31
230 260 30,31
231 232 30,31
231 261 30,31
232 233 30,31
232 262 30,31
233 234 22
233 263 
234 235 22,23
234 264 22
235 236 21,23
235 265 23
236 237 21,23
236 266 21,23
237 238 21,23
237 267 21,23
238 239 21
238 268 21
239 269 
240 241 
240 270 
241 242 12
241 271 
242 243 12,14
242 272 12,14
243 244 12,14
243 273 12,14
244 245 12,13
244 274 12,14
245 246 12,13
245 275 12,13
246 247 12,13,15
246 276 12,13
247 248 13,15
247 277 7,13,15
248 249 13,15
248 278 13,15
249 250 13,15
249 279 13,15
250 251 4
250 280 4
251 252 4
251 281 4
252 253 9,27
252 282 4
253 254 9,27
253 283 9,27
254 255 9,11
254 284 9
255 256 8,9,11
255 285 9,11
256 257 8,11
256 286 8,11
257 258 8,11
257 287 8,11
258 259 8,11,30,31
258 288 8,11
259 260 11,30,31
259 289 11,30,31
260 261 30,31
260 290 30,31
261 262 30,31
261 291 30,31
262 263 
262 292 
263 264 
263 293 
264 265 
264 294 
265 266 23
265 295 
266 267 21,23
266 296 23
267 268 21
267 297 21
268 269 
268 298 
269 299 
270 271 
270 300 
271 272 14
271 301 
272 273 12,14
272 302 14
273 274 12,14
273 303 12,14
274 275 12,14
274 304 12,14
275 276 12,13
275 305 3,12
276 277 7,13
276 306 7,13
277 278 7,13,15
277 307 6,7,13
278 279 13,15
278 308 7,13,15
279 280 4
279 309 
280 281 4
280 310 4
281 282 4
281 311 4
282 283 4,9
282 312 4,9
283 284 9
283 313 9
284 285 9
284 314 9
285 286 8,9,11
285 315 8,9
286 287 8,11
286 316 8,9,11
287 288 8,11
287 317 8,11
288 289 8,11
288 318 8,11
289 290 30,31
289 319 8
290 291 30,31
290 320 30,31
291 292 
291 321 
292 293 
292 322 
293 294 
293 323 
294 295 
294 324 
295 296 
295 325 
296 297 
296 326 17
297 298 
297 327 
298 299 
298 328 
299 329 
300 301 
300 330 
301 302 14
301 331 14
302 303 14
302 332 14
303 304 12,14
303 333 14
304 305 3,12,14
304 334 3,12,14
305 306 3,7
305 335 3,14
306 307 6,7,13
306 336 3,6,7
307 308 6,7,13
307 337 6,7,13
308 309 7
308 338 5,6,7
309 310 4
309 339 4
310 311 4
310 340 4
311 312 4,9
311 341 4
312 313 4,9
312 342 4,9
313 314 9
313 343 4,9
314 315 8,9
314 344 9
315 316 8,9
315 345 8,9
316 317 8,9,11
316 346 8,9
317 318 8,11
317 347 8,10,11
318 319 8
318 348 8
319 320 8
319 349 8
320 321 
320 350 
321 322 
321 351 
322 323 
322 352 
323 324 
323 353 
324 325 
324 354 
325 326 17
325 355 16,17
326 327 17
326 356 17
327 328 
327 357 17
328 329 
328 358 
329 359 
330 331 14
330 360 
331 332 14
331 361 14
332 333 14
332 362 14
333 334 3,14
333 363 14
334 335 3,14
334 364 3,14
335 336 3,6,7,14
335 365 3,7,14
336 337 3,6,7
336 366 3,6,7
337 338 5,6,7
337 367 5,6,7
338 339 4,5,6,7
338 368 5,6,7
339 340 4
339 369 2,4,5,7
340 341 4
340 370 4
341 342 4
341 371 4
342 343 4,9
342 372 4
343 344 4,9
343 373 4,9
344 345 9
344 374 9
345 346 8,9
345 375 9
346 347 8,10
346 376 8,10
347 348 8,10
347 377 8,10
348 349 8
348 378 8,10
349 350 
349 379 
350 351 
350 380 
351 352 
351 381 
352 353 
352 382 19
353 354 
353 383 
354 355 16,17
354 384 16
355 356 16,17
355 385 16,17
356 357 17
356 386 16,17
357 358 17
357 387 17
358 359 
358 388 
359 389 
360 361 
360 390 
361 362 14
361 391 
362 363 14
362 392 14
363 364 3,14
363 393 3,14
364 365 3,7,14
364 394 3,14
365 366 3,6,7
365 395 3,6,7
366 367 3,5,6,7
366 396 3,6,7
367 368 5,6,7
367 397 3,5,6,7
368 369 2,5,6,7
368 398 2,5,6,7
369 370 2,4,5,7
369 399 1,2,5,6,7
370 371 4
370 400 2,4
371 372 4
371 401 4
372 373 4
372 402 4
373 374 9
373 403 
374 375 9
374 404 9
375 376 10
375 405 
376 377 8,10
376 406 10
377 378 8,10
377 407 8,10
378 379 10
378 408 10
379 380 
379 409 
380 381 
380 410 
381 382 19
381 411 19
382 383 19
382 412 18,19
383 384 16
383 413 19
384 385 16,17
384 414 16,17
385 386 16,17
385 415 16,17
386 387 16,17
386 416 16,17
387 388 17
387 417 17
388 389 
388 418 17
389 419 
390 391 
390 420 
391 392 
391 421 
392 393 3,14
392 422 
393 394 3,14
393 423 3,14
394 395 3,6
394 424 3
395 396 3,6,7
395 425 0,3,6
396 397 3,5,6,7
396 426 3,5,6,7
397 398 2,3,5,6,7
397 427 3,5,6,7
398 399 1,2,5,6,7
398 428 1,2,5,6,7
399 400 1,2,5,6
399 429 1,2,5,6
400 401 2,4
400 430 1,2,5
401 402 4
401 431 4
402 403 
402 432 
403 404 
403 433 
404 405 
404 434 
405 406 10
405 435 10
406 407 10
406 436 10
407 408 10
407 437 10
408 409 10
408 438 10
409 410 
409 439 10
410 411 19
410 440 
411 412 18,19
411 441 18,19
412 413 18,19
412 442 18,19
413 414 16,17,19
413 443 16,18,19
414 415 16,17
414 444 16,17
415 416 16,17
415 445 16,17
416 417 16,17
416 446 16,17
417 418 17
417 447 16,17
418 419 17
418 448 17
419 449 
420 421 
420 450 
421 422 
421 451 
422 423 
422 452 
423 424 3
423 453 
424 425 0,3
424 454 0,3
425 426 0,3,5,6
425 455 0,3
426 427 3,5,6,7
426 456 0,3,5,6
427 428 1,2,5,6,7
427 457 2,5,6,7
428 429 1,2,5,6
428 458 1,2,5,6
429 430 1,2,5
429 459 1,2,5
430 431 1,2,5
430 460 1,2,5
431 432 
431 461 2
432 433 
432 462 
433 434 
433 463 
434 435 10
434 464 
435 436 10
435 465 10
436 437 10
436 466 10
437 438 10
437 467 10
438 439 10
438 468 10
439 440 10
439 469 10
440 441 18,19
440 470 19
441 442 18,19
441 471 18,19
442 443 16,18,19
442 472 18,19
443 444 16,18,19
443 473 16,18,19
444 445 16,17
444 474 16,19
445 446 16,17
445 475 16,17
446 447 16,17
446 476 16,17
447 448 16,17
447 477 16,17
448 449 
448 478 
449 479 
450 451 
450 480 
451 452 
451 481 
452 453 
452 482 
453 454 0
453 483 0
454 455 0,3
454 484 0
455 456 0,3
455 485 0,3
456 457 0,2,5,6
456 486 0
457 458 1,2,5,6
457 487 1,2,5,6
458 459 1,2,5
458 488 1,2,5
459 460 1,2,5
459 489 1,2,5
460 461 1,2
460 490 1,2
461 462 2
461 491 1,2
462 463 
462 492 
463 464 
463 493 
464 465 
464 494 
465 466 10
465 495 
466 467 10
466 496 10
467 468 10
467 497 10
468 469 10
468 498 10
469 470 19
469 499 
470 471 18,19
470 500 18,19
471 472 18,19
471 501 18,19
472 473 18,19
472 502 18,19
473 474 16,18,19
473 503 18,19
474 475 16,19
474 504 16,18,19
475 476 16,17
475 505 16
476 477 16,17
476 506 16,17
477 478 
477 507 
478 479 
478 508 
479 509 
480 481 
480 510 
481 482 
481 511 
482 483 0
482 512 
483 484 0
483 513 0
484 485 0
484 514 0
485 486 0
485 515 0
486 487 0,1
486 516 0
487 488 1,2,5
487 517 0,1
488 489 1,2,5
488 518 1,2,5
489 490 1,2
489 519 1,2
490 491 1,2
490 520 1,2
491 492 1
491 521 1
492 493 
492 522 
493 494 
493 523 
494 495 
494 524 
495 496 
495 525 
496 497 10
496 526 
497 498 10
497 527 10
498 499 
498 528 
499 500 18
499 529 
500 501 18,19
500 530 18
501 502 18,19
501 531 18,19
502 503 18,19
502 532 18,19
503 504 18,19
503 533 18,19
504 505 16,18
504 534 18
505 506 16
505 535 16
506 507 
506 536 
507 508 
507 537 
508 509 
508 538 
509 539 
510 511 
510 540 
511 512 
511 541 
512 513 0
512 542 
513 514 0
513 543 0
514 515 0
514 544 0
515 516 0
515 545 0
516 517 0
516 546 0
517 518 0,1
517 547 0
518 519 1,2
518 548 1
519 520 1,2
519 549 1,2
520 521 1
520 550 1
521 522 
521 551 
522 523 
522 552 
523 524 
523 553 
524 525 
524 554 
525 526 
525 555 
526 527 
526 556 
527 528 
527 557 
528 529 
528 558 
529 530 
529 559 
530 531 18
530 560 
531 532 18,19
531 561 18
532 533 18,19
532 562 18,19
533 534 18
533 563 18
534 535 
534 564 
535 536 
535 565 
536 537 
536 566 
537 538 
537 567 
538 539 
538 568 
539 569 
540 541 
540 570 
541 542 
541 571 
542 543 
542 572 
543 544 0
543 573 
544 545 0
544 574 0
545 546 0
545 575 0
546 547 0
546 576 0
547 548 
547 577 
548 549 1
548 578 
549 550 1
549 579 1
550 551 
550 580 
551 552 
551 581 
552 553 
552 582 
553 554 
553 583 
554 555 
554 584 
555 556 
555 585 
556 557 
556 586 
557 558 
557 587 
558 559 
558 588 
559 560 
559 589 
560 561 
560 590 
561 562 18
561 591 
562 563 18
562 592 18
563 564 
563 593 
564 565 
564 594 
565 566 
565 595 
566 567 
566 596 
567 568 
567 597 
568 569 
568 598 
569 599 
570 571 
571 572 
572 573 
573 574 
574 575 0
575 576 0
576 577 
577 578 
578 579 
579 580 
580 581 
581 582 
582 583 
583 584 
584 585 
585 586 
586 587 
587 588 
588 589 
589 590 
590 591 
591 592 
592 593 
593 594 
594 595 
595 596 
596 597 
597 598 
598 599 
