15 15
1:0.193548 2:0.16129 3:0.182796 4:0.193548 5:0.268817 
0 1 
0 15 
1 2 
1 16 
2 3 
2 17 
3 4 
3 18 
4 5 
4 19 
5 6 
5 20 
6 7 
6 21 
7 8 
7 22 
8 9 
8 23 
9 10 
9 24 
10 11 
10 25 
11 12 
11 26 
12 13 
12 27 
13 14 
13 28 
14 29 
15 16 
15 30 
16 17 
16 31 
17 18 
17 32 
18 19 
18 33 
19 20 
19 34 
20 21 
20 35 
21 22 
21 36 
22 23 
22 37 
23 24 
23 38 
24 25 
24 39 
25 26 
25 40 
26 27 
26 41 
27 28 
27 42 
28 29 
28 43 
29 44 
30 31 
30 45 
31 32 
31 46 
32 33 
32 47 
33 34 
33 48 
34 35 
34 49 
35 36 
35 50 
36 37 
36 51 
37 38 
37 52 
38 39 
38 53 
39 40 
39 54 
40 41 
40 55 4
41 42 
41 56 
42 43 
42 57 
43 44 
43 58 
44 59 
45 46 
45 60 
46 47 
46 61 
47 48 
47 62 
48 49 
48 63 
49 50 
49 64 
50 51 
50 65 
51 52 
51 66 
52 53 
52 67 
53 54 
53 68 
54 55 4
54 69 4
55 56 4
55 70 4
56 57 
56 71 4
57 58 
57 72 
58 59 
58 73 
59 74 
60 61 
60 75 5
61 62 
61 76 
62 63 
62 77 
63 64 
63 78 
64 65 
64 79 
65 66 
65 80 
66 67 
66 81 
67 68 
67 82 
68 69 4
68 83 4
69 70 4
69 84 4
70 71 4
70 85 4
71 72 4
71 86 4
72 73 
72 87 4
73 74 
73 88 
74 89 
75 76 5
75 90 5
76 77 
76 91 5
77 78 
77 92 
78 79 
78 93 
79 80 
79 94 
80 81 
80 95 
81 82 
81 96 
82 83 4
82 97 4
83 84 4
83 98 4
84 85 4
84 99 4
85 86 4
85 100 4
86 87 4
86 101 4
87 88 4
87 102 4
88 89 
88 103 4
89 104 
90 91 5
90 105 5
91 92 5
91 106 5
92 93 
92 107 5
93 94 
93 108 
94 95 
94 109 
95 96 
95 110 
96 97 4
96 111 4
97 98 4
97 112 3,4
98 99 4
98 113 4
99 100 4
99 114 4
100 101 4
100 115 4
101 102 4
101 116 4
102 103 4
102 117 4
103 104 4
103 118 4
104 119 4
105 106 5
105 120 5
106 107 5
106 121 5
107 108 5
107 122 5
108 109 
108 123 5
109 110 
109 124 
110 111 4
110 125 
111 112 3,4
111 126 3,4
112 113 3,4
112 127 1,3,4
113 114 4
113 128 2,3,4
114 115 4
114 129 4
115 116 4
115 130 4
116 117 4
116 131 4
117 118 4
117 132 4
118 119 4
118 133 4
119 134 
120 121 5
120 135 5
121 122 5
121 136 5
122 123 5
122 137 5
123 124 5
123 138 5
124 125 
124 139 5
125 126 3
125 140 3
126 127 1,3,4
126 141 1,3
127 128 1,2,3,4
127 142 1,2,3,4
128 129 2,3,4
128 143 1,2,3,4
129 130 4
129 144 2,3,4
130 131 4
130 145 4
131 132 4
131 146 4
132 133 4
132 147 4
133 134 
133 148 
134 149 
135 136 5
135 150 5
136 137 5
136 151 5
137 138 5
137 152 5
138 139 5
138 153 5
139 140 3
139 154 3,5
140 141 1,3
140 155 1,3
141 142 1,2,3
141 156 1,2,3
142 143 1,2,3,4
142 157 1,2,3
143 144 1,2,3,4
143 158 1,2,3,4
144 145 2,3,4
144 159 1,2,3,4
145 146 4
145 160 2,3,4
146 147 4
146 161 4
147 148 
147 162 
148 149 
148 163 
149 164 
150 151 5
150 165 5
151 152 5
151 166 5
152 153 5
152 167 5
153 154 3,5
153 168 3,5
154 155 1,3,5
154 169 3,5
155 156 1,2,3
155 170 1,3,5
156 157 1,2,3
156 171 1,2,3
157 158 1,2,3
157 172 1,2,3
158 159 1,2,3,4
158 173 1,2,3
159 160 1,2,3,4
159 174 1,2,3,4
160 161 2,3,4
160 175 2,3,4
161 162 
161 176 3
162 163 
162 177 
163 164 
163 178 
164 179 
165 166 5
165 180 5
166 167 5
166 181 5
167 168 3,5
167 182 5
168 169 3,5
168 183 3,5
169 170 1,3,5
169 184 1,3,5
170 171 1,2,3,5
170 185 1,2,3,5
171 172 1,2,3
171 186 1,2,3,5
172 173 1,2,3
172 187 1,2,3
173 174 1,2,3
173 188 1,2,3
174 175 1,2,3
174 189 1,2,3
175 176 2,3
175 190 1,2,3
176 177 3
176 191 2,3
177 178 
177 192 
178 179 
178 193 
179 194 
180 181 5
180 195 5
181 182 5
181 196 5
182 183 5
182 197 5
183 184 1,3,5
183 198 1,5
184 185 1,2,3,5
184 199 1,2,3,5
185 186 1,2,3,5
185 200 1,2,3,5
186 187 1,2,3,5
186 201 1,2,3,5
187 188 1,2,3
187 202 1,2,3
188 189 1,2,3
188 203 1,2,3
189 190 1,2,3
189 204 1,2,3
190 191 1,2
190 205 1,2
191 192 2
191 206 1,2
192 193 
192 207 2
193 194 
193 208 
194 209 
195 196 5
195 210 5
196 197 5
196 211 5
197 198 1,5
197 212 1,5
198 199 1,2,5
198 213 1,2,5
199 200 1,2,3,5
199 214 1,2,5
200 201 1,2,3,5
200 215 1,2,3,5
201 202 1,2,3
201 216 1,2,3
202 203 1,2,3
202 217 1,2,3
203 204 1,2,3
203 218 1,2,3
204 205 1,2
204 219 1,2
205 206 1,2
205 220 1,2
206 207 1,2
206 221 1,2
207 208 2
207 222 1,2
208 209 
208 223 2
209 224 
210 211 5
211 212 1,5
212 213 1,2,5
213 214 1,2,5
214 215 1,2,5
215 216 1,2,3
216 217 1,2,3
217 218 1,2,3
218 219 1,2
219 220 1,2
220 221 1,2
221 222 1,2
222 223 1,2
223 224 2
