15 15
1:0.342857 2:0.171429 3:0.314286 4:0.0857143 5:0.0857143 
0 1 3
0 15 3
1 2 3
1 16 3
2 3 3
2 17 3
3 4 3
3 18 3
4 5 3
4 19 3
5 6 3
5 20 3
6 7 3
6 21 3
7 8 
7 22 3
8 9 
8 23 
9 10 
9 24 
10 11 4
10 25 4
11 12 4
11 26 4
12 13 4
12 27 4
13 14 1,4
13 28 1,4
14 29 1,4
15 16 3
15 30 3
16 17 3
16 31 3
17 18 3
17 32 3
18 19 3
18 33 3
19 20 3
19 34 3
20 21 3
20 35 3
21 22 3
21 36 3
22 23 3
22 37 3
23 24 
23 38 3
24 25 4
24 39 4
25 26 4
25 40 4
26 27 4
26 41 4
27 28 1,4
27 42 1,4
28 29 1,4
28 43 1,4
29 44 1,4
30 31 3
30 45 3
31 32 3
31 46 3
32 33 3
32 47 3
33 34 3
33 48 3
34 35 3
34 49 3
35 36 3
35 50 3
36 37 3
36 51 3
37 38 3
37 52 3
38 39 3,4
38 53 4
39 40 4
39 54 4
40 41 4
40 55 4
41 42 1,4
41 56 1,4
42 43 1,4
42 57 1,4
43 44 1,4
43 58 1,4
44 59 1,4
45 46 3
45 60 3
46 47 3
46 61 3
47 48 3
47 62 3
48 49 3
48 63 3
49 50 3
49 64 3
50 51 3
50 65 3
51 52 3
51 66 3
52 53 4
52 67 
53 54 4
53 68 4
54 55 4
54 69 4
55 56 1,4
55 70 1,2,4
56 57 1,4
56 71 1,4
57 58 1,4
57 72 1,4
58 59 1,4
58 73 1,4
59 74 1,4
60 61 3
60 75 3
61 62 3
61 76 3
62 63 3
62 77 3
63 64 3
63 78 3
64 65 3
64 79 3
65 66 3
65 80 3
66 67 
66 81 
67 68 
67 82 
68 69 4
68 83 
69 70 1,2,4
69 84 1,2,4
70 71 1,2,4
70 85 1,2,4
71 72 1,4
71 86 1,2,4
72 73 1,4
72 87 1,4
73 74 1,4
73 88 1,4
74 89 1,4
75 76 3
75 90 
76 77 3
76 91 3
77 78 3
77 92 3
78 79 3
78 93 3
79 80 3
79 94 3
80 81 
80 95 
81 82 
81 96 
82 83 
82 97 
83 84 1,2
83 98 2
84 85 1,2,4
84 99 1,2
85 86 1,2,4
85 100 1,2,4
86 87 1,2,4
86 101 1,2,4
87 88 1,4
87 102 1,2,4
88 89 1,4
88 103 1,4
89 104 1,4
90 91 
90 105 
91 92 3
91 106 
92 93 3
92 107 3
93 94 3
93 108 3
94 95 
94 109 
95 96 
95 110 5
96 97 
96 111 
97 98 2
97 112 2
98 99 1,2
98 113 2
99 100 1,2
99 114 1,2
100 101 1,2,4
100 115 1,2
101 102 1,2,4
101 116 1,2,4
102 103 1,2,4
102 117 1,2,4
103 104 1,4
103 118 1,2,4
104 119 1,4
105 106 
105 120 
106 107 
106 121 
107 108 
107 122 
108 109 
108 123 
109 110 5
109 124 5
110 111 5
110 125 5
111 112 2
111 126 2,5
112 113 2
112 127 2
113 114 2
113 128 2
114 115 1,2
114 129 2
115 116 1,2
115 130 1,2
116 117 1,2,4
116 131 1,2
117 118 1,2,4
117 132 1,2,4
118 119 1,2,4
118 133 1,2,4
119 134 1,2,4
120 121 
120 135 
121 122 
121 136 
122 123 
122 137 
123 124 5
123 138 5
124 125 5
124 139 5
125 126 2,5
125 140 5
126 127 2,5
126 141 2,5
127 128 2
127 142 2,5
128 129 2
128 143 2
129 130 2
129 144 2
130 131 1,2
130 145 2
131 132 1,2
131 146 1,2
132 133 1,2,4
132 147 1,2
133 134 1,2,4
133 148 1,2,4
134 149 1,4
135 136 
135 150 
136 137 
136 151 
137 138 5
137 152 5
138 139 5
138 153 5
139 140 5
139 154 5
140 141 5
140 155 5
141 142 2,5
141 156 5
142 143 2,5
142 157 2,5
143 144 2
143 158 2,5
144 145 2
144 159 2
145 146 2
145 160 2
146 147 1,2
146 161 2
147 148 1,2
147 162 1,2
148 149 1,4
148 163 1
149 164 1,4
150 151 
150 165 
151 152 5
151 166 5
152 153 5
152 167 5
153 154 5
153 168 5
154 155 5
154 169 5
155 156 5
155 170 5
156 157 5
156 171 5
157 158 2,5
157 172 5
158 159 2,5
158 173 2,5
159 160 2
159 174 2,5
160 161 2
160 175 2
161 162 2
161 176 2
162 163 1
162 177 
163 164 1
163 178 1
164 179 1
165 166 5
165 180 
166 167 5
166 181 5
167 168 5
167 182 5
168 169 5
168 183 5
169 170 5
169 184 5
170 171 5
170 185 5
171 172 5
171 186 5
172 173 5
172 187 5
173 174 2,5
173 188 5
174 175 2,5
174 189 2,5
175 176 2
175 190 2
176 177 
176 191 
177 178 
177 192 
178 179 1
178 193 
179 194 1
180 181 
180 195 
181 182 5
181 196 
182 183 5
182 197 5
183 184 5
183 198 5
184 185 5
184 199 5
185 186 5
185 200 5
186 187 5
186 201 5
187 188 5
187 202 5
188 189 
188 203 
189 190 
189 204 
190 191 
190 205 
191 192 
191 206 
192 193 
192 207 
193 194 
193 208 
194 209 
195 196 
195 210 
196 197 
196 211 
197 198 5
197 212 
198 199 5
198 213 5
199 200 5
199 214 5
200 201 5
200 215 5
201 202 5
201 216 5
202 203 
202 217 
203 204 
203 218 
204 205 
204 219 
205 206 
205 220 
206 207 
206 221 
207 208 
207 222 
208 209 
208 223 
209 224 
210 211 
211 212 
212 213 
213 214 5
214 215 5
215 216 5
216 217 
217 218 
218 219 
219 220 
220 221 
221 222 
222 223 
223 224 
