15 15
1:0.288889 2:0.0666667 3:0.4 4:0.177778 5:0.0666667 
0 1 
0 15 
1 2 
1 16 
2 3 
2 17 
3 4 5
3 18 
4 5 2,5
4 19 5
5 6 2,5
5 20 2,5
6 7 2,5
6 21 2,5
7 8 2,5
7 22 2,5
8 9 2,5
8 23 2,5
9 10 2,5
9 24 2,5
10 11 2,5
10 25 2,5
11 12 2,5
11 26 2,5
12 13 2,5
12 27 2,5
13 14 2,5
13 28 2,5
14 29 2,5
15 16 
15 30 
16 17 
16 31 
17 18 
17 32 
18 19 
18 33 
19 20 5
19 34 
20 21 2,5
20 35 5
21 22 2,5
21 36 2,5
22 23 2,5
22 37 2,5
23 24 2,5
23 38 2,5
24 25 2,5
24 39 2,5
25 26 2,5
25 40 2,5
26 27 2,5
26 41 2,5
27 28 2,5
27 42 2,5
28 29 2,5
28 43 2,5
29 44 2,5
30 31 
30 45 
31 32 
31 46 
32 33 
32 47 
33 34 
33 48 
34 35 
34 49 
35 36 5
35 50 
36 37 2,5
36 51 5
37 38 2,5
37 52 2,5
38 39 2,5
38 53 2,5
39 40 2,5
39 54 2,5
40 41 2,5
40 55 2,5
41 42 2,5
41 56 2,5
42 43 2,5
42 57 2,5
43 44 2,5
43 58 2,5
44 59 2,5
45 46 
45 60 
46 47 
46 61 
47 48 
47 62 
48 49 
48 63 
49 50 
49 64 
50 51 
50 65 
51 52 5
51 66 
52 53 2,5
52 67 5
53 54 2,5
53 68 2,5
54 55 2,5
54 69 2,5
55 56 2,5
55 70 2,5
56 57 2,5
56 71 2,5
57 58 2,5
57 72 2,5
58 59 2,5
58 73 2,5
59 74 2
60 61 
60 75 
61 62 
61 76 
62 63 
62 77 
63 64 
63 78 
64 65 
64 79 
65 66 
65 80 
66 67 
66 81 
67 68 5
67 82 
68 69 2,5
68 83 5
69 70 2,5
69 84 5
70 71 2,5
70 85 2,5
71 72 2,5
71 86 2,5
72 73 2
72 87 2
73 74 2
73 88 2
74 89 2
75 76 
75 90 
76 77 
76 91 
77 78 
77 92 
78 79 
78 93 
79 80 
79 94 
80 81 
80 95 
81 82 
81 96 
82 83 
82 97 
83 84 5
83 98 1
84 85 5
84 99 5
85 86 2,5
85 100 5
86 87 2
86 101 2
87 88 2
87 102 2
88 89 2
88 103 2
89 104 
90 91 
90 105 
91 92 
91 106 
92 93 
92 107 3
93 94 
93 108 
94 95 
94 109 4
95 96 
95 110 
96 97 
96 111 
97 98 1
97 112 1
98 99 1
98 113 1
99 100 
99 114 1
100 101 
100 115 
101 102 2
101 116 
102 103 2
102 117 2
103 104 
103 118 
104 119 
105 106 
105 120 
106 107 3
106 121 3
107 108 3
107 122 3
108 109 4
108 123 3,4
109 110 4
109 124 4
110 111 
110 125 4
111 112 1
111 126 1
112 113 1
112 127 1
113 114 1
113 128 1
114 115 1
114 129 1
115 116 
115 130 1
116 117 
116 131 
117 118 
117 132 
118 119 
118 133 
119 134 
120 121 3
120 135 3
121 122 3
121 136 3
122 123 3,4
122 137 3,4
123 124 3,4
123 138 3,4
124 125 4
124 139 3,4
125 126 1,4
125 140 1,4
126 127 1
126 141 1,4
127 128 1
127 142 1
128 129 1
128 143 1
129 130 1
129 144 1
130 131 1
130 145 1
131 132 
131 146 1
132 133 
132 147 
133 134 
133 148 
134 149 
135 136 3
135 150 3
136 137 3,4
136 151 3,4
137 138 3,4
137 152 3,4
138 139 3,4
138 153 3,4
139 140 1,3,4
139 154 1,3,4
140 141 1,4
140 155 1,3,4
141 142 1,4
141 156 1,4
142 143 1
142 157 1,4
143 144 1
143 158 1
144 145 1
144 159 1
145 146 1
145 160 1
146 147 1
146 161 1
147 148 
147 162 1
148 149 
148 163 
149 164 
150 151 3,4
150 165 3,4
151 152 3,4
151 166 3,4
152 153 3,4
152 167 3,4
153 154 1,3,4
153 168 3,4
154 155 1,3,4
154 169 1,3,4
155 156 1,3,4
155 170 1,3,4
156 157 1,4
156 171 1,3,4
157 158 1,4
157 172 1,4
158 159 1
158 173 1,4
159 160 1
159 174 1
160 161 1
160 175 1
161 162 1
161 176 1
162 163 
162 177 
163 164 
163 178 
164 179 
165 166 3,4
165 180 3,4
166 167 3,4
166 181 3,4
167 168 3,4
167 182 3,4
168 169 3,4
168 183 3,4
169 170 1,3,4
169 184 3,4
170 171 1,3,4
170 185 1,3,4
171 172 1,3,4
171 186 1,3,4
172 173 1,4
172 187 1,3,4
173 174 1,4
173 188 1,4
174 175 1
174 189 1
175 176 1
175 190 1
176 177 
176 191 
177 178 
177 192 
178 179 
178 193 
179 194 
180 181 3,4
180 195 3
181 182 3,4
181 196 3,4
182 183 3,4
182 197 3,4
183 184 3,4
183 198 3,4
184 185 3,4
184 199 3,4
185 186 1,3,4
185 200 3,4
186 187 1,3,4
186 201 1,3,4
187 188 1,3,4
187 202 1,3
188 189 1
188 203 1
189 190 1
189 204 1
190 191 
190 205 
191 192 
191 206 
192 193 
192 207 
193 194 
193 208 
194 209 
195 196 3
195 210 3
196 197 3,4
196 211 3
197 198 3,4
197 212 3,4
198 199 3,4
198 213 3,4
199 200 3,4
199 214 3,4
200 201 3,4
200 215 3,4
201 202 1,3
201 216 3
202 203 1
202 217 1
203 204 1
203 218 1
204 205 
204 219 
205 206 
205 220 
206 207 
206 221 
207 208 
207 222 
208 209 
208 223 
209 224 
210 211 3
211 212 3
212 213 3,4
213 214 3,4
214 215 3,4
215 216 
216 217 
217 218 
218 219 
219 220 
220 221 
221 222 
222 223 
223 224 
