15 15
1:0.306818 2:0.227273 3:0.318182 4:0.0795455 5:0.0681818 
0 1 5
0 15 5
1 2 5
1 16 5
2 3 5
2 17 5
3 4 5
3 18 5
4 5 5
4 19 5
5 6 5
5 20 5
6 7 5
6 21 5
7 8 5
7 22 5
8 9 5
8 23 5
9 10 5
9 24 5
10 11 5
10 25 5
11 12 5
11 26 5
12 13 
12 27 
13 14 
13 28 
14 29 
15 16 5
15 30 5
16 17 5
16 31 5
17 18 5
17 32 5
18 19 5
18 33 5
19 20 5
19 34 5
20 21 5
20 35 5
21 22 5
21 36 5
22 23 5
22 37 5
23 24 5
23 38 5
24 25 5
24 39 5
25 26 5
25 40 
26 27 
26 41 
27 28 
27 42 2
28 29 
28 43 
29 44 
30 31 5
30 45 
31 32 5
31 46 5
32 33 5
32 47 5
33 34 5
33 48 5
34 35 5
34 49 5
35 36 5
35 50 5
36 37 5
36 51 5
37 38 5
37 52 5
38 39 5
38 53 5
39 40 
39 54 
40 41 
40 55 
41 42 2
41 56 2
42 43 2
42 57 2
43 44 
43 58 
44 59 
45 46 
45 60 
46 47 5
46 61 
47 48 5
47 62 5
48 49 5
48 63 5
49 50 5
49 64 5
50 51 5
50 65 5
51 52 5
51 66 5
52 53 5
52 67 5
53 54 
53 68 
54 55 
54 69 
55 56 
55 70 
56 57 2
56 71 2
57 58 2
57 72 2
58 59 
58 73 2
59 74 
60 61 
60 75 4
61 62 
61 76 
62 63 5
62 77 
63 64 5
63 78 5
64 65 5
64 79 5
65 66 5
65 80 5
66 67 5
66 81 5
67 68 
67 82 
68 69 
68 83 
69 70 
69 84 
70 71 2
70 85 2
71 72 2
71 86 2
72 73 2
72 87 2
73 74 2
73 88 2
74 89 2,3
75 76 4
75 90 4
76 77 
76 91 4
77 78 
77 92 
78 79 5
78 93 
79 80 5
79 94 5
80 81 5
80 95 5
81 82 
81 96 
82 83 
82 97 
83 84 
83 98 
84 85 2
84 99 2
85 86 2
85 100 2
86 87 2
86 101 2
87 88 2
87 102 2
88 89 2,3
88 103 2
89 104 2,3
90 91 4
90 105 4
91 92 4
91 106 4
92 93 
92 107 4
93 94 
93 108 
94 95 
94 109 
95 96 
95 110 
96 97 
96 111 
97 98 
97 112 
98 99 2
98 113 2
99 100 2
99 114 2
100 101 2
100 115 2
101 102 2
101 116 2
102 103 2
102 117 2
103 104 2,3
103 118 2,3
104 119 2,3
105 106 4
105 120 4
106 107 4
106 121 4
107 108 4
107 122 4
108 109 
108 123 4
109 110 
109 124 
110 111 
110 125 
111 112 
111 126 
112 113 2
112 127 
113 114 2
113 128 2
114 115 2
114 129 1,2
115 116 2
115 130 2
116 117 2
116 131 2
117 118 2,3
117 132 2,3
118 119 2,3
118 133 2,3
119 134 2,3
120 121 4
120 135 4
121 122 4
121 136 4
122 123 4
122 137 4
123 124 4
123 138 4
124 125 
124 139 4
125 126 
125 140 
126 127 
126 141 
127 128 
127 142 
128 129 1,2
128 143 1
129 130 1,2
129 144 1,2
130 131 2
130 145 1,2
131 132 2,3
131 146 2,3
132 133 2,3
132 147 2,3
133 134 2,3
133 148 2,3
134 149 2,3
135 136 4
135 150 4
136 137 4
136 151 4
137 138 4
137 152 4
138 139 4
138 153 4
139 140 4
139 154 4
140 141 
140 155 4
141 142 
141 156 
142 143 1
142 157 1
143 144 1
143 158 1
144 145 1,2
144 159 1
145 146 1,2,3
145 160 1,2,3
146 147 2,3
146 161 1,2,3
147 148 2,3
147 162 2,3
148 149 2,3
148 163 2,3
149 164 2,3
150 151 4
150 165 4
151 152 4
151 166 4
152 153 4
152 167 4
153 154 4
153 168 4
154 155 4
154 169 4
155 156 4
155 170 4
156 157 1
156 171 1,4
157 158 1
157 172 1
158 159 1
158 173 1
159 160 1,3
159 174 1,3
160 161 1,2,3
160 175 1,3
161 162 1,2,3
161 176 1,2,3
162 163 2,3
162 177 1,2,3
163 164 2,3
163 178 2,3
164 179 3
165 166 4
165 180 4
166 167 4
166 181 4
167 168 4
167 182 4
168 169 4
168 183 4
169 170 4
169 184 4
170 171 1,4
170 185 1,4
171 172 1,4
171 186 1,4
172 173 1
172 187 1
173 174 1,3
173 188 1,3
174 175 1,3
174 189 1,3
175 176 1,3
175 190 1,3
176 177 1,2,3
176 191 1,3
177 178 1,2,3
177 192 1,2,3
178 179 3
178 193 3
179 194 3
180 181 4
180 195 4
181 182 4
181 196 4
182 183 4
182 197 4
183 184 4
183 198 4
184 185 1,4
184 199 4
185 186 1,4
185 200 1,4
186 187 1
186 201 1
187 188 1,3
187 202 1,3
188 189 1,3
188 203 1,3
189 190 1,3
189 204 1,3
190 191 1,3
190 205 1,3
191 192 1,3
191 206 1,3
192 193 1,3
192 207 1,3
193 194 3
193 208 1,3
194 209 3
195 196 4
195 210 4
196 197 4
196 211 4
197 198 4
197 212 4
198 199 4
198 213 4
199 200 1,4
199 214 4
200 201 1
200 215 1
201 202 1,3
201 216 1
202 203 1,3
202 217 1,3
203 204 1,3
203 218 1,3
204 205 1,3
204 219 1,3
205 206 1,3
205 220 1,3
206 207 1,3
206 221 1,3
207 208 1,3
207 222 1,3
208 209 1,3
208 223 1,3
209 224 3
210 211 4
211 212 4
212 213 4
213 214 4
214 215 
215 216 1
216 217 1
217 218 1,3
218 219 1,3
219 220 1,3
220 221 1,3
221 222 1,3
222 223 1,3
223 224 3
