15 15
1:0.423729 2:0.423729 3:0.101695 4:0.0338983 5:0.0169492 
0 1 
0 15 
1 2 
1 16 
2 3 
2 17 
3 4 
3 18 
4 5 
4 19 
5 6 
5 20 
6 7 
6 21 
7 8 
7 22 
8 9 
8 23 
9 10 
9 24 
10 11 
10 25 
11 12 
11 26 
12 13 
12 27 
13 14 
13 28 
14 29 
15 16 
15 30 
16 17 
16 31 
17 18 
17 32 
18 19 
18 33 
19 20 
19 34 
20 21 
20 35 
21 22 
21 36 
22 23 
22 37 
23 24 
23 38 
24 25 
24 39 
25 26 
25 40 
26 27 
26 41 
27 28 
27 42 
28 29 
28 43 
29 44 
30 31 
30 45 
31 32 
31 46 
32 33 
32 47 
33 34 
33 48 
34 35 
34 49 
35 36 
35 50 
36 37 
36 51 
37 38 
37 52 
38 39 
38 53 
39 40 
39 54 
40 41 
40 55 
41 42 
41 56 
42 43 
42 57 
43 44 
43 58 
44 59 
45 46 
45 60 
46 47 
46 61 
47 48 
47 62 
48 49 
48 63 
49 50 
49 64 
50 51 
50 65 
51 52 
51 66 
52 53 
52 67 
53 54 
53 68 
54 55 
54 69 
55 56 
55 70 
56 57 
56 71 
57 58 
57 72 
58 59 
58 73 
59 74 
60 61 
60 75 
61 62 
61 76 
62 63 
62 77 
63 64 
63 78 
64 65 
64 79 
65 66 
65 80 
66 67 
66 81 
67 68 
67 82 
68 69 
68 83 
69 70 
69 84 
70 71 
70 85 
71 72 
71 86 
72 73 
72 87 
73 74 
73 88 
74 89 
75 76 
75 90 
76 77 
76 91 
77 78 
77 92 
78 79 
78 93 5
79 80 
79 94 
80 81 
80 95 
81 82 
81 96 
82 83 
82 97 
83 84 
83 98 
84 85 
84 99 
85 86 
85 100 
86 87 
86 101 
87 88 
87 102 
88 89 
88 103 
89 104 
90 91 
90 105 
91 92 
91 106 
92 93 
92 107 
93 94 
93 108 5
94 95 
94 109 
95 96 
95 110 1
96 97 
96 111 2
97 98 
97 112 
98 99 
98 113 
99 100 
99 114 
100 101 
100 115 
101 102 
101 116 
102 103 
102 117 
103 104 
103 118 
104 119 
105 106 
105 120 
106 107 
106 121 
107 108 5
107 122 5
108 109 5
108 123 3,5
109 110 1
109 124 1,5
110 111 1,2
110 125 1,2
111 112 2
111 126 1,2
112 113 
112 127 
113 114 
113 128 
114 115 
114 129 4
115 116 
115 130 
116 117 
116 131 
117 118 
117 132 
118 119 
118 133 
119 134 
120 121 
120 135 
121 122 5
121 136 5
122 123 3,5
122 137 3,5
123 124 1,3,5
123 138 1,3,5
124 125 1,5
124 139 1,3,5
125 126 1,2
125 140 1,2,5
126 127 1,2
126 141 1,2
127 128 
127 142 1,2
128 129 4
128 143 4
129 130 4
129 144 4
130 131 
130 145 4
131 132 
131 146 
132 133 
132 147 
133 134 
133 148 
134 149 
135 136 5
135 150 5
136 137 3,5
136 151 3,5
137 138 1,3,5
137 152 1,3,5
138 139 1,3,5
138 153 1,3,5
139 140 1,2,3,5
139 154 1,2,3,5
140 141 1,2,5
140 155 1,2,3,5
141 142 1,2
141 156 1,2,5
142 143 1,2,4
142 157 1,2,4
143 144 4
143 158 1,2,4
144 145 4
144 159 4
145 146 4
145 160 4
146 147 
146 161 4
147 148 
147 162 
148 149 
148 163 
149 164 
150 151 3,5
150 165 3,5
151 152 1,3,5
151 166 1,3,5
152 153 1,3,5
152 167 1,3,5
153 154 1,2,3,5
153 168 1,2,3,5
154 155 1,2,3,5
154 169 1,2,3,5
155 156 1,2,3,5
155 170 1,2,3,5
156 157 1,2,4,5
156 171 1,2,3,4,5
157 158 1,2,4
157 172 1,2,4,5
158 159 1,2,4
158 173 1,2,4
159 160 4
159 174 1,2,4
160 161 4
160 175 4
161 162 4
161 176 4
162 163 
162 177 4
163 164 
163 178 
164 179 
165 166 1,3,5
165 180 3,5
166 167 1,3,5
166 181 1,3,5
167 168 1,2,3,5
167 182 1,2,3,5
168 169 1,2,3,5
168 183 1,2,3,5
169 170 1,2,3,5
169 184 1,2,3,5
170 171 1,2,3,4,5
170 185 1,2,3,4,5
171 172 1,2,3,4,5
171 186 1,2,3,4,5
172 173 1,2,4,5
172 187 1,2,3,4,5
173 174 1,2,4
173 188 1,2,4
174 175 1,2,4
174 189 1,2,4
175 176 4
175 190 2,4
176 177 4
176 191 4
177 178 4
177 192 4
178 179 
178 193 
179 194 
180 181 3,5
180 195 3,5
181 182 1,2,3,5
181 196 3,5
182 183 1,2,3,5
182 197 1,2,3,5
183 184 1,2,3,5
183 198 1,2,3,5
184 185 1,2,3,4,5
184 199 1,2,3,5
185 186 1,2,3,4,5
185 200 1,2,3,4,5
186 187 1,2,3,4,5
186 201 1,2,3,4,5
187 188 1,2,3,4
187 202 1,2,3,4
188 189 2,4
188 203 2,3,4
189 190 2,4
189 204 2,4
190 191 2,4
190 205 2,4
191 192 4
191 206 4
192 193 4
192 207 4
193 194 
193 208 4
194 209 
195 196 3,5
195 210 3
196 197 3,5
196 211 3,5
197 198 1,2,3,5
197 212 3,5
198 199 1,2,3,5
198 213 1,2,3,5
199 200 1,2,3,4,5
199 214 1,2,3,5
200 201 1,2,3,4,5
200 215 1,2,3,4,5
201 202 1,2,3,4
201 216 1,2,3,4
202 203 2,3,4
202 217 2,3,4
203 204 2,3,4
203 218 2,3,4
204 205 2,4
204 219 2,3,4
205 206 4
205 220 4
206 207 4
206 221 4
207 208 4
207 222 4
208 209 4
208 223 4
209 224 
210 211 3
211 212 3,5
212 213 3,5
213 214 1,2,3,5
214 215 1,2,3,5
215 216 1,2,3,4
216 217 2,3,4
217 218 2,3,4
218 219 2,3,4
219 220 3,4
220 221 4
221 222 4
222 223 4
223 224 
