20 20
1:0.0227273 2:0.113636 3:0.0681818 4:0.318182 5:0.477273 
0 1 
0 20 
1 2 5
1 21 
2 3 3
2 22 
3 4 5
3 23 
4 5 
4 24 3,4
5 6 5
5 25 
6 7 4
6 26 3
7 8 4,5
7 27 
8 9 
8 28 
9 10 
9 29 
10 11 4
10 30 1
11 12 
11 31 
12 13 
12 32 3
13 14 
13 33 
14 15 2,3
14 34 
15 16 
15 35 4
16 17 
16 36 5
17 18 3
17 37 
18 19 4
18 38 2,5
19 39 
20 21 1,2,3
20 40 1,2
21 22 3,5
21 41 1
22 23 4
22 42 1
23 24 
23 43 5
24 25 2
24 44 5
25 26 1,4
25 45 
26 27 5
26 46 
27 28 1
27 47 3
28 29 3
28 48 2
29 30 
29 49 
30 31 
30 50 
31 32 
31 51 
32 33 
32 52 1
33 34 3
33 53 
34 35 
34 54 1,5
35 36 1,3
35 55 
36 37 5
36 56 1,2
37 38 3,5
37 57 5
38 39 2,3
38 58 3
39 59 4
40 41 
40 60 
41 42 3
41 61 1,4
42 43 1
42 62 4
43 44 
43 63 4
44 45 3
44 64 
45 46 
45 65 
46 47 5
46 66 4
47 48 
47 67 2,4
48 49 
48 68 1,4
49 50 
49 69 5
50 51 2
50 70 
51 52 5
51 71 
52 53 
52 72 
53 54 
53 73 2,4
54 55 2
54 74 
55 56 
55 75 1
56 57 4
56 76 
57 58 
57 77 2
58 59 
58 78 
59 79 
60 61 4
60 80 
61 62 1,5
61 81 
62 63 
62 82 4
63 64 1
63 83 
64 65 
64 84 
65 66 2,4,5
65 85 
66 67 2
66 86 4
67 68 
67 87 
68 69 2,5
68 88 
69 70 
69 89 
70 71 
70 90 
71 72 4
71 91 
72 73 
72 92 
73 74 
73 93 
74 75 
74 94 5
75 76 
75 95 1,4
76 77 
76 96 5
77 78 
77 97 
78 79 4
78 98 2,3
79 99 
80 81 3,5
80 100 2
81 82 
81 101 2,5
82 83 
82 102 
83 84 
83 103 2,3,5
84 85 
84 104 
85 86 1
85 105 3
86 87 
86 106 
87 88 
87 107 
88 89 
88 108 
89 90 1
89 109 2
90 91 
90 110 
91 92 2,3,4,5
91 111 
92 93 5
92 112 1
93 94 
93 113 
94 95 
94 114 2
95 96 
95 115 
96 97 1,5
96 116 
97 98 
97 117 
98 99 
98 118 3
99 119 3
100 101 5
100 120 4
101 102 4
101 121 
102 103 
102 122 3
103 104 
103 123 
104 105 
104 124 
105 106 5
105 125 
106 107 
106 126 3,5
107 108 2,3
107 127 
108 109 2
108 128 
109 110 
109 129 
110 111 1,4,5
110 130 2
111 112 2
111 131 4
112 113 4
112 132 
113 114 
113 133 3
114 115 
114 134 
115 116 4
115 135 
116 117 
116 136 
117 118 
117 137 
118 119 
118 138 
119 139 
120 121 2
120 140 4
121 122 
121 141 2,4
122 123 4,5
122 142 
123 124 1,3,5
123 143 2,5
124 125 
124 144 
125 126 2
125 145 
126 127 3
126 146 1,2,4
127 128 1,5
127 147 
128 129 5
128 148 5
129 130 4
129 149 4
130 131 2,5
130 150 
131 132 3
131 151 3
132 133 
132 152 3
133 134 
133 153 1,4
134 135 
134 154 3
135 136 2
135 155 
136 137 3
136 156 1,4
137 138 1
137 157 
138 139 
138 158 
139 159 3
140 141 3
140 160 5
141 142 
141 161 4,5
142 143 
142 162 
143 144 3
143 163 3
144 145 1,2,3
144 164 2
145 146 2
145 165 1,3
146 147 2,3
146 166 
147 148 
147 167 2
148 149 2,3
148 168 
149 150 
149 169 4
150 151 
150 170 
151 152 2
151 171 
152 153 
152 172 
153 154 4
153 173 
154 155 2
154 174 
155 156 2,3
155 175 
156 157 4
156 176 
157 158 
157 177 
158 159 2
158 178 
159 179 3
160 161 1,3
160 180 3
161 162 
161 181 
162 163 1
162 182 
163 164 2,4
163 183 
164 165 
164 184 5
165 166 
165 185 
166 167 
166 186 
167 168 2
167 187 3
168 169 1
168 188 1
169 170 
169 189 
170 171 
170 190 
171 172 4
171 191 2,3
172 173 
172 192 
173 174 
173 193 
174 175 
174 194 1,4
175 176 
175 195 
176 177 5
176 196 3
177 178 3
177 197 1
178 179 1
178 198 3
179 199 2
180 181 1,4
180 200 
181 182 
181 201 3,4
182 183 4
182 202 
183 184 
183 203 1
184 185 
184 204 
185 186 
185 205 
186 187 1
186 206 5
187 188 1
187 207 3
188 189 
188 208 
189 190 
189 209 2
190 191 
190 210 
191 192 
191 211 
192 193 
192 212 
193 194 2
193 213 
194 195 1
194 214 2,3
195 196 
195 215 
196 197 1
196 216 
197 198 2
197 217 
198 199 
198 218 4
199 219 3
200 201 1
200 220 2
201 202 5
201 221 
202 203 1,2
202 222 
203 204 
203 223 1
204 205 5
204 224 
205 206 
205 225 1
206 207 1
206 226 
207 208 3
207 227 1
208 209 5
208 228 
209 210 2
209 229 5
210 211 2
210 230 5
211 212 
211 231 3,5
212 213 
212 232 
213 214 
213 233 5
214 215 
214 234 
215 216 
215 235 
216 217 4
216 236 
217 218 5
217 237 4
218 219 
218 238 
219 239 
220 221 4
220 240 
221 222 4
221 241 
222 223 1,2
222 242 4
223 224 
223 243 5
224 225 
224 244 
225 226 
225 245 2,5
226 227 
226 246 4
227 228 
227 247 
228 229 4
228 248 1
229 230 3,5
229 249 
230 231 
230 250 2
231 232 1
231 251 5
232 233 
232 252 4
233 234 4
233 253 
234 235 
234 254 5
235 236 
235 255 
236 237 
236 256 
237 238 
237 257 
238 239 
238 258 1
239 259 5
240 241 
240 260 
241 242 3
241 261 
242 243 
242 262 2
243 244 4
243 263 2,4,5
244 245 5
244 264 5
245 246 
245 265 
246 247 1
246 266 2
247 248 
247 267 2
248 249 
248 268 4
249 250 3
249 269 
250 251 
250 270 
251 252 3,5
251 271 
252 253 3
252 272 
253 254 3,5
253 273 
254 255 5
254 274 
255 256 3
255 275 
256 257 
256 276 4
257 258 3
257 277 3,4
258 259 
258 278 
259 279 
260 261 4
260 280 4
261 262 3
261 281 
262 263 3
262 282 4
263 264 
263 283 
264 265 1
264 284 
265 266 4,5
265 285 
266 267 1
266 286 2
267 268 4
267 287 
268 269 1
268 288 
269 270 3,5
269 289 
270 271 2
270 290 
271 272 
271 291 
272 273 1,4
272 292 3
273 274 
273 293 
274 275 1
274 294 
275 276 
275 295 
276 277 
276 296 
277 278 1
277 297 5
278 279 
278 298 4
279 299 
280 281 3,4
280 300 2,3
281 282 2,4
281 301 
282 283 3
282 302 
283 284 
283 303 
284 285 
284 304 4
285 286 
285 305 2
286 287 3,5
286 306 
287 288 
287 307 3,5
288 289 
288 308 
289 290 4,5
289 309 
290 291 1
290 310 
291 292 4
291 311 
292 293 3
292 312 1
293 294 
293 313 4
294 295 
294 314 4
295 296 1,4
295 315 1
296 297 
296 316 
297 298 5
297 317 
298 299 
298 318 5
299 319 
300 301 
300 320 
301 302 5
301 321 1
302 303 
302 322 1,2,4
303 304 4,5
303 323 
304 305 5
304 324 
305 306 2
305 325 
306 307 
306 326 
307 308 1
307 327 1
308 309 
308 328 
309 310 4
309 329 1
310 311 4
310 330 2,3
311 312 2
311 331 3
312 313 2
312 332 5
313 314 4
313 333 1
314 315 
314 334 
315 316 
315 335 
316 317 5
316 336 5
317 318 2
317 337 1,3
318 319 5
318 338 1,5
319 339 3
320 321 1,3
320 340 1
321 322 1
321 341 2,3
322 323 
322 342 2,3,5
323 324 
323 343 
324 325 4
324 344 2
325 326 
325 345 3
326 327 1,2
326 346 
327 328 3
327 347 2,3,4
328 329 4
328 348 3
329 330 4
329 349 
330 331 
330 350 
331 332 3
331 351 
332 333 
332 352 
333 334 1,5
333 353 
334 335 
334 354 
335 336 1
335 355 
336 337 1
336 356 
337 338 2
337 357 
338 339 
338 358 4,5
339 359 4
340 341 3
340 360 4
341 342 3
341 361 
342 343 
342 362 3,4
343 344 
343 363 1
344 345 
344 364 2
345 346 3,4
345 365 
346 347 
346 366 
347 348 
347 367 5
348 349 1,3,4
348 368 2
349 350 2,4
349 369 
350 351 
350 370 
351 352 
351 371 
352 353 
352 372 
353 354 
353 373 
354 355 5
354 374 2
355 356 
355 375 4,5
356 357 2
356 376 2
357 358 
357 377 5
358 359 
358 378 4
359 379 
360 361 5
360 380 
361 362 2,3
361 381 1
362 363 
362 382 
363 364 4,5
363 383 
364 365 
364 384 2
365 366 
365 385 2,5
366 367 1
366 386 
367 368 3
367 387 
368 369 5
368 388 2
369 370 
369 389 
370 371 2,4,5
370 390 
371 372 
371 391 
372 373 
372 392 2
373 374 2,5
373 393 2
374 375 
374 394 3
375 376 1
375 395 4
376 377 
376 396 4
377 378 
377 397 
378 379 1
378 398 1
379 399 
380 381 1
381 382 
382 383 
383 384 3,5
384 385 1,3
385 386 1
386 387 3
387 388 
388 389 
389 390 3
390 391 5
391 392 
392 393 
393 394 
394 395 1,2,4
395 396 4
396 397 3
397 398 1
398 399 
