25 25 0.561667
1:0.14542 2:0.219674 3:0.0740837 4:0.0646167 5:0.0802068 6:0.14154 7:0.125511 8:0.148949 
0 1 
0 25 
1 2 
1 26 
2 3 
2 27 
3 4 
3 28 
4 5 
4 29 
5 6 
5 30 
6 7 4
6 31 4
7 8 4
7 32 4
8 9 4
8 33 4
9 10 4
9 34 4
10 11 4
10 35 4
11 12 4
11 36 4
12 13 4
12 37 4
13 14 4
13 38 4
14 15 4
14 39 4
15 16 4
15 40 4
16 17 4
16 41 4
17 18 4,6
17 42 4,6
18 19 6
18 43 4,6
19 20 
19 44 6
20 21 
20 45 
21 22 
21 46 
22 23 
22 47 
23 24 
23 48 
24 49 
25 26 
25 50 
26 27 
26 51 
27 28 
27 52 
28 29 
28 53 
29 30 
29 54 
30 31 4
30 55 8
31 32 4
31 56 4,7
32 33 4
32 57 4
33 34 4
33 58 4
34 35 4
34 59 4
35 36 4
35 60 4
36 37 4
36 61 4
37 38 4
37 62 4
38 39 4
38 63 4
39 40 4
39 64 4
40 41 4
40 65 4
41 42 4,6
41 66 4,6
42 43 4,6
42 67 4,6
43 44 4,6
43 68 4,6
44 45 6
44 69 6
45 46 
45 70 6
46 47 
46 71 
47 48 
47 72 
48 49 
48 73 
49 74 
50 51 
50 75 
51 52 
51 76 2
52 53 
52 77 
53 54 
53 78 
54 55 8
54 79 8
55 56 7,8
55 80 7,8
56 57 4,7
56 81 7,8
57 58 4
57 82 4,7
58 59 4
58 83 4
59 60 4
59 84 4
60 61 4
60 85 4
61 62 4
61 86 4
62 63 4
62 87 4
63 64 4
63 88 4
64 65 4
64 89 4
65 66 4,6
65 90 4,6
66 67 4,6
66 91 4,6
67 68 4,6
67 92 4,6
68 69 6
68 93 6
69 70 6
69 94 6
70 71 6
70 95 6
71 72 
71 96 6
72 73 
72 97 
73 74 
73 98 
74 99 
75 76 2
75 100 2
76 77 2
76 101 2
77 78 
77 102 2
78 79 8
78 103 8
79 80 7,8
79 104 7,8
80 81 7,8
80 105 7,8
81 82 7,8
81 106 7,8
82 83 4,7
82 107 7,8
83 84 4
83 108 4,7
84 85 4
84 109 4
85 86 4
85 110 4
86 87 4
86 111 4
87 88 4
87 112 4
88 89 4
88 113 4
89 90 4,6
89 114 4,6
90 91 4,6
90 115 4,6
91 92 4,6
91 116 4,6
92 93 6
92 117 6
93 94 6
93 118 6
94 95 6
94 119 6
95 96 6
95 120 6
96 97 6
96 121 6
97 98 
97 122 6
98 99 
98 123 
99 124 
100 101 2
100 125 2
101 102 2
101 126 2
102 103 2,8
102 127 2,8
103 104 7,8
103 128 2,7,8
104 105 7,8
104 129 7,8
105 106 7,8
105 130 5,7,8
106 107 7,8
106 131 7,8
107 108 7,8
107 132 7,8
108 109 4,7
108 133 7,8
109 110 4
109 134 4,7
110 111 4
110 135 4
111 112 4
111 136 4
112 113 4
112 137 4
113 114 4,6
113 138 4,6
114 115 4,6
114 139 4,6
115 116 4,6
115 140 4,6
116 117 6
116 141 6
117 118 6
117 142 6
118 119 6
118 143 6
119 120 6
119 144 6
120 121 6
120 145 6
121 122 6
121 146 6
122 123 6
122 147 6
123 124 
123 148 
124 149 
125 126 2
125 150 2
126 127 2,8
126 151 2,8
127 128 2,7,8
127 152 2,7,8
128 129 2,7,8
128 153 2,7,8
129 130 5,7,8
129 154 2,5,7,8
130 131 5,7,8
130 155 5,7,8
131 132 7,8
131 156 5,7,8
132 133 7,8
132 157 7,8
133 134 7,8
133 158 7,8
134 135 4,7
134 159 7,8
135 136 4
135 160 4,7
136 137 4
136 161 4
137 138 4,6
137 162 4
138 139 4,6
138 163 4,6
139 140 4,6
139 164 6
140 141 6
140 165 6
141 142 6
141 166 6
142 143 6
142 167 6
143 144 6
143 168 6
144 145 6
144 169 6
145 146 6
145 170 6
146 147 6
146 171 6
147 148 6
147 172 6
148 149 
148 173 
149 174 
150 151 2,8
150 175 2,8
151 152 2,7,8
151 176 2,7,8
152 153 2,7,8
152 177 2,7,8
153 154 2,5,7,8
153 178 2,5,7,8
154 155 2,5,7,8
154 179 2,5,7,8
155 156 5,7,8
155 180 2,5,7,8
156 157 5,7,8
156 181 5,7,8
157 158 7,8
157 182 5,7,8
158 159 7,8
158 183 7,8
159 160 7,8
159 184 7,8
160 161 4,7
160 185 7
161 162 4
161 186 4
162 163 4
162 187 4
163 164 6
163 188 
164 165 6
164 189 6
165 166 6
165 190 6
166 167 6
166 191 6
167 168 6
167 192 6
168 169 6
168 193 6
169 170 6
169 194 6
170 171 6
170 195 6
171 172 6
171 196 6
172 173 
172 197 
173 174 
173 198 
174 199 
175 176 2,7,8
175 200 2,8
176 177 2,7,8
176 201 2,7,8
177 178 2,5,7,8
177 202 2,5,7,8
178 179 2,5,7,8
178 203 2,5,7,8
179 180 2,5,7,8
179 204 2,5,7,8
180 181 2,5,7,8
180 205 2,5,7,8
181 182 5,7,8
181 206 2,5,7,8
182 183 5,7,8
182 207 5,7,8
183 184 7,8
183 208 5,7,8
184 185 7,8
184 209 7,8
185 186 7
185 210 7
186 187 
186 211 
187 188 
187 212 
188 189 
188 213 
189 190 6
189 214 
190 191 6
190 215 
191 192 6
191 216 6
192 193 6
192 217 6
193 194 6
193 218 6
194 195 6
194 219 6
195 196 6
195 220 6
196 197 
196 221 
197 198 
197 222 
198 199 
198 223 
199 224 
200 201 2,8
200 225 2
201 202 2,5,7,8
201 226 2,5,8
202 203 2,5,7,8
202 227 2,5,7,8
203 204 2,5,7,8
203 228 2,5,7,8
204 205 2,5,7,8
204 229 2,5,7,8
205 206 2,5,7,8
205 230 2,5,7,8
206 207 2,5,7,8
206 231 2,5,7,8
207 208 5,7,8
207 232 2,5,7,8
208 209 5,7,8
208 233 5,7,8
209 210 7
209 234 5,7
210 211 
210 235 
211 212 
211 236 
212 213 
212 237 
213 214 
213 238 
214 215 
214 239 
215 216 
215 240 
216 217 6
216 241 
217 218 6
217 242 6
218 219 6
218 243 6
219 220 6
219 244 6
220 221 
220 245 
221 222 
221 246 
222 223 
222 247 
223 224 
223 248 
224 249 
225 226 2,5
225 250 2,5
226 227 2,5,8
226 251 2,5
227 228 2,5,8
227 252 2,5
228 229 2,5,7,8
228 253 2,5,8
229 230 2,5,7,8
229 254 2,5,7,8
230 231 2,5,7,8
230 255 2,5,7,8
231 232 2,5,7,8
231 256 2,5,7,8
232 233 2,5,7,8
232 257 2,5,7,8
233 234 5,7
233 258 5,7
234 235 5
234 259 5
235 236 
235 260 
236 237 
236 261 
237 238 
237 262 
238 239 
238 263 
239 240 
239 264 
240 241 
240 265 
241 242 
241 266 
242 243 6
242 267 
243 244 6
243 268 6
244 245 
244 269 
245 246 
245 270 
246 247 
246 271 
247 248 
247 272 
248 249 
248 273 
249 274 
250 251 2,5
250 275 2,5
251 252 2,5
251 276 2,5
252 253 2,5
252 277 2,5
253 254 2,5,8
253 278 2,5
254 255 2,5,7,8
254 279 2,5,8
255 256 2,5,7,8
255 280 2,5,7,8
256 257 2,5,7,8
256 281 2,5,7,8
257 258 5,7
257 282 5,7
258 259 5
258 283 5
259 260 5
259 284 5
260 261 
260 285 
261 262 
261 286 
262 263 
262 287 
263 264 
263 288 
264 265 
264 289 
265 266 
265 290 
266 267 
266 291 
267 268 
267 292 
268 269 
268 293 
269 270 
269 294 
270 271 
270 295 
271 272 
271 296 
272 273 
272 297 
273 274 
273 298 
274 299 
275 276 2,5
275 300 2
276 277 2,5
276 301 2,5
277 278 2,5
277 302 2,5
278 279 2,5
278 303 2,5
279 280 2,5,8
279 304 2,5
280 281 2,5,7,8
280 305 2,5,8
281 282 5,7
281 306 5,7
282 283 5
282 307 5
283 284 5
283 308 5
284 285 
284 309 
285 286 
285 310 
286 287 
286 311 
287 288 
287 312 
288 289 
288 313 
289 290 
289 314 
290 291 
290 315 
291 292 
291 316 
292 293 
292 317 
293 294 
293 318 
294 295 
294 319 
295 296 
295 320 
296 297 
296 321 
297 298 
297 322 
298 299 
298 323 
299 324 
300 301 2
300 325 2
301 302 2,5
301 326 2
302 303 2,5
302 327 2
303 304 2,5
303 328 2,5
304 305 2,5
304 329 2,5
305 306 5
305 330 5
306 307 5
306 331 5
307 308 5
307 332 5
308 309 
308 333 
309 310 
309 334 
310 311 
310 335 
311 312 
311 336 
312 313 
312 337 
313 314 
313 338 
314 315 
314 339 
315 316 
315 340 
316 317 
316 341 
317 318 
317 342 
318 319 
318 343 
319 320 
319 344 
320 321 
320 345 
321 322 
321 346 
322 323 
322 347 
323 324 
323 348 
324 349 
325 326 2
325 350 2
326 327 2
326 351 1,2
327 328 2
327 352 2
328 329 2,5
328 353 
329 330 5
329 354 5
330 331 5
330 355 5
331 332 5
331 356 5
332 333 
332 357 
333 334 
333 358 
334 335 
334 359 
335 336 
335 360 
336 337 
336 361 
337 338 
337 362 
338 339 
338 363 
339 340 
339 364 
340 341 
340 365 
341 342 
341 366 
342 343 
342 367 3
343 344 
343 368 
344 345 
344 369 
345 346 
345 370 
346 347 
346 371 
347 348 
347 372 
348 349 
348 373 
349 374 
350 351 1,2
350 375 1,2
351 352 1,2
351 376 1,2
352 353 
352 377 1
353 354 
353 378 
354 355 5
354 379 
355 356 5
355 380 5
356 357 
356 381 
357 358 
357 382 
358 359 
358 383 
359 360 
359 384 
360 361 
360 385 
361 362 
361 386 
362 363 
362 387 
363 364 
363 388 
364 365 
364 389 
365 366 
365 390 
366 367 3
366 391 3
367 368 3
367 392 3
368 369 
368 393 3
369 370 
369 394 
370 371 
370 395 
371 372 
371 396 
372 373 
372 397 
373 374 
373 398 
374 399 
375 376 1
375 400 1
376 377 1
376 401 1
377 378 
377 402 1
378 379 
378 403 
379 380 
379 404 
380 381 
380 405 
381 382 
381 406 
382 383 
382 407 
383 384 
383 408 
384 385 
384 409 
385 386 
385 410 
386 387 
386 411 
387 388 
387 412 
388 389 
388 413 
389 390 
389 414 
390 391 3
390 415 3
391 392 3
391 416 3
392 393 3
392 417 3
393 394 3
393 418 3
394 395 
394 419 3
395 396 
395 420 
396 397 
396 421 
397 398 
397 422 
398 399 
398 423 
399 424 
400 401 1
400 425 1
401 402 1
401 426 1
402 403 1
402 427 1
403 404 
403 428 1
404 405 
404 429 
405 406 
405 430 
406 407 
406 431 
407 408 
407 432 
408 409 
408 433 
409 410 
409 434 
410 411 
410 435 
411 412 
411 436 
412 413 
412 437 
413 414 
413 438 
414 415 3
414 439 3
415 416 3
415 440 3
416 417 3
416 441 3
417 418 3
417 442 3
418 419 3
418 443 3
419 420 3
419 444 3
420 421 
420 445 3
421 422 
421 446 
422 423 
422 447 
423 424 
423 448 
424 449 
425 426 1
425 450 1
426 427 1
426 451 1
427 428 1
427 452 1
428 429 1
428 453 1
429 430 
429 454 1
430 431 
430 455 
431 432 
431 456 
432 433 
432 457 
433 434 
433 458 
434 435 
434 459 
435 436 
435 460 
436 437 
436 461 
437 438 
437 462 
438 439 3
438 463 3
439 440 3
439 464 3
440 441 3
440 465 3
441 442 3
441 466 3
442 443 3
442 467 3
443 444 3
443 468 3
444 445 3
444 469 3
445 446 3
445 470 3
446 447 
446 471 3
447 448 
447 472 
448 449 
448 473 
449 474 
450 451 1
450 475 1
451 452 1
451 476 1
452 453 1
452 477 1
453 454 1
453 478 1
454 455 1
454 479 1
455 456 
455 480 1
456 457 
456 481 
457 458 
457 482 
458 459 
458 483 
459 460 
459 484 
460 461 
460 485 
461 462 
461 486 
462 463 3
462 487 3
463 464 3
463 488 3
464 465 3
464 489 3
465 466 3
465 490 3
466 467 3
466 491 3
467 468 3
467 492 3
468 469 3
468 493 3
469 470 3
469 494 3
470 471 3
470 495 3
471 472 3
471 496 3
472 473 
472 497 
473 474 
473 498 
474 499 
475 476 1
475 500 1
476 477 1
476 501 1
477 478 1
477 502 1
478 479 1
478 503 1
479 480 1
479 504 1
480 481 1
480 505 1
481 482 
481 506 1
482 483 
482 507 
483 484 
483 508 
484 485 
484 509 
485 486 
485 510 
486 487 3
486 511 
487 488 3
487 512 3
488 489 3
488 513 3
489 490 3
489 514 3
490 491 3
490 515 3
491 492 3
491 516 3
492 493 3
492 517 3
493 494 3
493 518 3
494 495 3
494 519 3
495 496 3
495 520 3
496 497 3
496 521 3
497 498 
497 522 
498 499 
498 523 
499 524 
500 501 1
500 525 1
501 502 1
501 526 1
502 503 1
502 527 1
503 504 1
503 528 1
504 505 1
504 529 1
505 506 1
505 530 1
506 507 1
506 531 1
507 508 
507 532 1
508 509 
508 533 
509 510 
509 534 
510 511 
510 535 
511 512 
511 536 
512 513 3
512 537 
513 514 3
513 538 3
514 515 3
514 539 3
515 516 3
515 540 3
516 517 3
516 541 3
517 518 3
517 542 3
518 519 3
518 543 3
519 520 3
519 544 3
520 521 3
520 545 3
521 522 
521 546 
522 523 
522 547 
523 524 
523 548 
524 549 
525 526 1
525 550 1
526 527 1
526 551 1
527 528 1
527 552 1
528 529 1
528 553 1
529 530 1
529 554 1
530 531 1
530 555 1
531 532 1
531 556 1
532 533 1
532 557 1
533 534 
533 558 1
534 535 
534 559 
535 536 
535 560 
536 537 
536 561 
537 538 
537 562 
538 539 
538 563 
539 540 3
539 564 
540 541 3
540 565 3
541 542 3
541 566 3
542 543 3
542 567 3
543 544 3
543 568 3
544 545 3
544 569 3
545 546 
545 570 
546 547 
546 571 
547 548 
547 572 
548 549 
548 573 
549 574 
550 551 1
550 575 1
551 552 1
551 576 1
552 553 1
552 577 1
553 554 1
553 578 1
554 555 1
554 579 1
555 556 1
555 580 1
556 557 1
556 581 1
557 558 1
557 582 1
558 559 1
558 583 1
559 560 
559 584 
560 561 
560 585 
561 562 
561 586 
562 563 
562 587 
563 564 
563 588 
564 565 
564 589 
565 566 3
565 590 
566 567 3
566 591 3
567 568 3
567 592 3
568 569 3
568 593 3
569 570 
569 594 
570 571 
570 595 
571 572 
571 596 
572 573 
572 597 
573 574 
573 598 
574 599 
575 576 1
575 600 1
576 577 1
576 601 1
577 578 1
577 602 1
578 579 1
578 603 1
579 580 1
579 604 1
580 581 1
580 605 1
581 582 1
581 606 1
582 583 1
582 607 1
583 584 
583 608 
584 585 
584 609 
585 586 
585 610 
586 587 
586 611 
587 588 
587 612 
588 589 
588 613 
589 590 
589 614 
590 591 
590 615 
591 592 3
591 616 
592 593 3
592 617 3
593 594 
593 618 
594 595 
594 619 
595 596 
595 620 
596 597 
596 621 
597 598 
597 622 
598 599 
598 623 
599 624 
600 601 1
601 602 1
602 603 1
603 604 1
604 605 1
605 606 1
606 607 1
607 608 
608 609 
609 610 
610 611 
611 612 
612 613 
613 614 
614 615 
615 616 
616 617 
617 618 
618 619 
619 620 
620 621 
621 622 
622 623 
623 624 
