10 10
1:0.3125 2:0.046875 3:0.25 4:0.328125 5:0.0625 
0 1 3
0 10 
1 2 3
1 11 3
2 3 3
2 12 3
3 4 3
3 13 3
4 5 3
4 14 3
5 6 3
5 15 3
6 7 
6 16 
7 8 2
7 17 2
8 9 2
8 18 2
9 19 
10 11 
10 20 
11 12 3
11 21 
12 13 3
12 22 3
13 14 3
13 23 3
14 15 3
14 24 3
15 16 
15 25 
16 17 
16 26 
17 18 2
17 27 2
18 19 2
18 28 2
19 29 2
20 21 
20 30 
21 22 
21 31 
22 23 
22 32 
23 24 
23 33 
24 25 
24 34 
25 26 
25 35 
26 27 2
26 36 
27 28 2
27 37 2
28 29 2
28 38 2
29 39 2
30 31 
30 40 
31 32 
31 41 
32 33 
32 42 
33 34 
33 43 
34 35 
34 44 5
35 36 
35 45 
36 37 
36 46 
37 38 2
37 47 
38 39 2
38 48 2
39 49 
40 41 
40 50 
41 42 
41 51 
42 43 
42 52 
43 44 5
43 53 5
44 45 5
44 54 5
45 46 
45 55 5
46 47 
46 56 4
47 48 
47 57 
48 49 
48 58 
49 59 
50 51 
50 60 
51 52 
51 61 
52 53 5
52 62 5
53 54 5
53 63 5
54 55 5
54 64 5
55 56 4
55 65 4
56 57 4
56 66 4
57 58 
57 67 4
58 59 
58 68 1
59 69 
60 61 
60 70 
61 62 
61 71 
62 63 5
62 72 
63 64 5
63 73 5
64 65 4
64 74 5
65 66 4
65 75 4
66 67 4
66 76 4
67 68 1
67 77 1
68 69 1
68 78 1
69 79 
70 71 
70 80 
71 72 
71 81 
72 73 
72 82 
73 74 5
73 83 
74 75 4
74 84 5
75 76 4
75 85 4
76 77 4
76 86 4
77 78 1
77 87 1
78 79 1
78 88 1
79 89 1
80 81 
80 90 
81 82 
81 91 
82 83 
82 92 
83 84 
83 93 
84 85 
84 94 
85 86 4
85 95 
86 87 1
86 96 4
87 88 1
87 97 1
88 89 1
88 98 1
89 99 1
90 91 
91 92 
92 93 
93 94 
94 95 
95 96 
96 97 
97 98 1
98 99 1
