10 10 0.722222 3
0:0.727096 1:0.199489 2:0.0734151 3:0.269441 4:0.440369 5:0.29019 6:0.397313 7:0.453552 8:0.149135 
0 0 1 0 2 0 3 1 4 1 5 1 6 2 7 2 8 2 
6,7,8,
38
24 23 44 
0 1 
0 10 4
1 2 
1 11 
2 3 
2 12 
3 4 7
3 13 7
4 5 6,7
4 14 6,7
5 6 6,7
5 15 6,7
6 7 6,7
6 16 6,7
7 8 6
7 17 6
8 9 
8 18 
9 19 
10 11 4
10 20 4
11 12 
11 21 4
12 13 7
12 22 
13 14 6,7
13 23 7
14 15 6,7
14 24 6,7
15 16 6,7
15 25 6,7
16 17 6,7
16 26 6,7
17 18 6
17 27 6
18 19 
18 28 
19 29 
20 21 4
20 30 4
21 22 4
21 31 4
22 23 
22 32 4
23 24 
23 33 
24 25 7
24 34 5
25 26 6,7
25 35 7
26 27 6
26 36 6,8
27 28 
27 37 
28 29 
28 38 
29 39 
30 31 4
30 40 4
31 32 4
31 41 4
32 33 4
32 42 4
33 34 5
33 43 5
34 35 5
34 44 5
35 36 8
35 45 8
36 37 8
36 46 8
37 38 
37 47 0
38 39 
38 48 
39 49 
40 41 4
40 50 4
41 42 4
41 51 3,4
42 43 5
42 52 
43 44 5
43 53 5
44 45 5,8
44 54 5
45 46 8
45 55 1,5,8
46 47 0,8
46 56 0,8
47 48 0
47 57 0,8
48 49 
48 58 
49 59 
50 51 3,4
50 60 3,4
51 52 3
51 61 3
52 53 5
52 62 3
53 54 5
53 63 5
54 55 1,5,8
54 64 1,5
55 56 0,1,5,8
55 65 1,5,8
56 57 0,8
56 66 0,8
57 58 0,8
57 67 0,2,8
58 59 
58 68 0
59 69 
60 61 3
60 70 3
61 62 3
61 71 3
62 63 3
62 72 3
63 64 1,5
63 73 
64 65 1,5
64 74 1,5
65 66 0,1,8
65 75 1
66 67 0,2,8
66 76 0,1,2,8
67 68 0,2
67 77 0,2
68 69 0
68 78 0
69 79 
70 71 3
70 80 3
71 72 3
71 81 3
72 73 3
72 82 3
73 74 1
73 83 
74 75 1
74 84 1
75 76 1,2
75 85 1
76 77 0,1,2
76 86 1,2
77 78 0,2
77 87 0,2
78 79 
78 88 2
79 89 
80 81 3
80 90 
81 82 3
81 91 3
82 83 
82 92 
83 84 
83 93 
84 85 1
84 94 
85 86 1,2
85 95 1
86 87 2
86 96 2
87 88 2
87 97 2
88 89 2
88 98 2
89 99 
90 91 
91 92 
92 93 
93 94 
94 95 
95 96 
96 97 2
97 98 2
98 99 
