15 15
1:0.294118 2:0.308824 3:0.0147059 4:0.205882 5:0.176471 
0 1 1,2,4
0 15 1,2
1 2 2
1 16 1
2 3 2
2 17 5
3 4 3
3 18 4
4 5 
4 19 
5 6 2,4
5 20 1,3
6 7 1,2,4
6 21 4,5
7 8 5
7 22 
8 9 1,3,5
8 23 
9 10 1,5
9 24 3
10 11 1
10 25 3
11 12 1,4
11 26 3
12 13 2
12 27 
13 14 5
13 28 3,4,5
14 29 2
15 16 1,3,4
15 30 4
16 17 5
16 31 2,5
17 18 
17 32 
18 19 4
18 33 4
19 20 5
19 34 3
20 21 1,3
20 35 4
21 22 1,2,3,5
21 36 2
22 23 4
22 37 
23 24 2,5
23 38 
24 25 
24 39 
25 26 3
25 40 
26 27 5
26 41 
27 28 4
27 42 
28 29 1,4
28 43 1,3,4
29 44 5
30 31 4
30 45 5
31 32 2
31 46 1
32 33 5
32 47 2
33 34 2,3,5
33 48 3,4
34 35 1,5
34 49 1
35 36 1
35 50 
36 37 2,3
36 51 1,4
37 38 5
37 52 2
38 39 2,3
38 53 3
39 40 1,4,5
39 54 2
40 41 
40 55 
41 42 
41 56 2,4
42 43 2,3,5
42 57 4,5
43 44 
43 58 1,3
44 59 2
45 46 
45 60 2
46 47 4
46 61 5
47 48 2
47 62 
48 49 3
48 63 
49 50 1,2,5
49 64 
50 51 
50 65 
51 52 4
51 66 4
52 53 1,2
52 67 3
53 54 
53 68 
54 55 
54 69 1,2,5
55 56 
55 70 4
56 57 
56 71 5
57 58 2
57 72 2,3,4
58 59 5
58 73 1
59 74 
60 61 3,5
60 75 3
61 62 4
61 76 4
62 63 5
62 77 1
63 64 1,5
63 78 
64 65 
64 79 5
65 66 4
65 80 5
66 67 5
66 81 1,2
67 68 4
67 82 3,5
68 69 1
68 83 
69 70 
69 84 4
70 71 
70 85 4
71 72 4
71 86 
72 73 1,2,3,5
72 87 3,5
73 74 
73 88 1,3
74 89 2,5
75 76 5
75 90 5
76 77 3
76 91 1
77 78 
77 92 1,2
78 79 5
78 93 5
79 80 2
79 94 5
80 81 
80 95 
81 82 1,3
81 96 1
82 83 2
82 97 2
83 84 
83 98 1,3
84 85 5
84 99 1,3
85 86 2,3
85 100 2,3
86 87 4
86 101 2
87 88 4,5
87 102 
88 89 3
88 103 4,5
89 104 
90 91 
90 105 2,3,4
91 92 
91 106 5
92 93 
92 107 3
93 94 
93 108 
94 95 1
94 109 
95 96 2,4,5
95 110 4
96 97 1
96 111 
97 98 1,3
97 112 2,4
98 99 
98 113 
99 100 
99 114 2
100 101 2,3
100 115 2,4,5
101 102 4
101 116 
102 103 3
102 117 
103 104 1,4
103 118 
104 119 1,2,5
105 106 3
105 120 
106 107 4,5
106 121 4
107 108 3
107 122 4,5
108 109 
108 123 1,5
109 110 5
109 124 4
110 111 
110 125 3
111 112 
111 126 2
112 113 1,2
112 127 
113 114 3
113 128 
114 115 3,4
114 129 
115 116 5
115 130 1
116 117 1,3,4
116 131 
117 118 3
117 132 
118 119 3
118 133 
119 134 
120 121 
120 135 2,3
121 122 3,4,5
121 136 2,4
122 123 1,3
122 137 3
123 124 1,2
123 138 3
124 125 1,4
124 139 2,3,5
125 126 
125 140 2
126 127 1
126 141 5
127 128 
127 142 2
128 129 1
128 143 
129 130 2,3
129 144 2,4
130 131 5
130 145 1,3,4
131 132 2
131 146 1
132 133 1
132 147 2
133 134 3,5
133 148 1,2,5
134 149 3
135 136 3
135 150 3
136 137 3
136 151 
137 138 
137 152 2,3,4
138 139 
138 153 3
139 140 1,4
139 154 4
140 141 4
140 155 2,5
141 142 1
141 156 1,4
142 143 2,4
142 157 1,3,4
143 144 
143 158 4,5
144 145 
144 159 4
145 146 1,3,4
145 160 
146 147 2,5
146 161 
147 148 2,4
147 162 1
148 149 5
148 163 1,2,4
149 164 
150 151 5
150 165 2,5
151 152 1
151 166 1,5
152 153 2,3,5
152 167 
153 154 5
153 168 4
154 155 
154 169 1
155 156 2,5
155 170 4
156 157 3,4,5
156 171 5
157 158 1
157 172 
158 159 4
158 173 4
159 160 
159 174 
160 161 2
160 175 1
161 162 
161 176 
162 163 2
162 177 
163 164 2
163 178 
164 179 2,4
165 166 
165 180 
166 167 1,5
166 181 1,4
167 168 5
167 182 1,2
168 169 2,3
168 183 
169 170 5
169 184 4
170 171 2,4
170 185 2
171 172 4,5
171 186 4,5
172 173 2
172 187 5
173 174 3,5
173 188 
174 175 3
174 189 1
175 176 4,5
175 190 3,5
176 177 1,2,3,4
176 191 3
177 178 2
177 192 3
178 179 1,4
178 193 4
179 194 2
180 181 
180 195 1,5
181 182 1
181 196 1
182 183 
182 197 1
183 184 
183 198 3
184 185 1
184 199 
185 186 2
185 200 
186 187 
186 201 
187 188 
187 202 
188 189 
188 203 1,2
189 190 
189 204 2
190 191 2,4
190 205 4
191 192 4,5
191 206 1,3,4,5
192 193 3
192 207 3
193 194 
193 208 3,4
194 209 5
195 196 
195 210 
196 197 1,2,3,4
196 211 2
197 198 2,3
197 212 
198 199 2
198 213 3,5
199 200 3
199 214 2
200 201 
200 215 
201 202 
201 216 3
202 203 1,3,4
202 217 
203 204 
203 218 2
204 205 
204 219 1,3,4
205 206 3
205 220 1,3,4
206 207 1
206 221 2
207 208 1
207 222 1
208 209 
208 223 2
209 224 3
210 211 2
211 212 5
212 213 
213 214 2,5
214 215 3
215 216 5
216 217 3
217 218 
218 219 4
219 220 5
220 221 3
221 222 2
222 223 1
223 224 3
