15 15
1:0.3 2:0.34 3:0.04 4:0.08 5:0.24 
0 1 2,4
0 15 2
1 2 3
1 16 
2 3 1,3
2 17 
3 4 
3 18 1
4 5 
4 19 1
5 6 3,4,5
5 20 5
6 7 5
6 21 1,2
7 8 
7 22 1
8 9 3,4
8 23 1,4,5
9 10 
9 24 1,4
10 11 4,5
10 25 2,3
11 12 
11 26 1
12 13 
12 27 2,3,5
13 14 
13 28 
14 29 
15 16 2,4
15 30 3
16 17 2,3,5
16 31 1,2
17 18 
17 32 1
18 19 
18 33 
19 20 5
19 34 
20 21 3,5
20 35 3,4
21 22 5
21 36 2
22 23 1,5
22 37 1
23 24 
23 38 2,3
24 25 1,3
24 39 4,5
25 26 
25 40 2
26 27 2
26 41 5
27 28 
27 42 4
28 29 4
28 43 4,5
29 44 2,4
30 31 1
30 45 
31 32 4
31 46 1,4
32 33 5
32 47 5
33 34 3
33 48 3
34 35 4
34 49 1
35 36 2,4
35 50 
36 37 1,4
36 51 1,5
37 38 2,4,5
37 52 2
38 39 
38 53 5
39 40 1
39 54 1
40 41 
40 55 1,2
41 42 
41 56 4
42 43 2
42 57 3
43 44 5
43 58 3
44 59 4
45 46 
45 60 
46 47 4,5
46 61 1,4
47 48 1,4
47 62 3
48 49 2,3
48 63 4
49 50 2,5
49 64 
50 51 3
50 65 3
51 52 4
51 66 3
52 53 
52 67 
53 54 1,4,5
53 68 1,5
54 55 2,3,5
54 69 2
55 56 3
55 70 1,5
56 57 1
56 71 2,3
57 58 1
57 72 
58 59 2
58 73 
59 74 4
60 61 1,4
60 75 4
61 62 1,5
61 76 2,3
62 63 2,3
62 77 1
63 64 1
63 78 2,3,5
64 65 2,4
64 79 4
65 66 
65 80 4
66 67 2
66 81 
67 68 2,5
67 82 
68 69 1,4
68 83 
69 70 
69 84 1,2
70 71 1
70 85 2
71 72 1,4
71 86 3,4
72 73 3
72 87 1,2
73 74 
73 88 
74 89 
75 76 
75 90 
76 77 5
76 91 
77 78 2
77 92 3,5
78 79 
78 93 5
79 80 2,5
79 94 2,3
80 81 
80 95 2,3
81 82 1
81 96 
82 83 4
82 97 3
83 84 
83 98 2
84 85 
84 99 4,5
85 86 
85 100 
86 87 1,2,3,4
86 101 1,4,5
87 88 
87 102 1
88 89 4,5
88 103 
89 104 1
90 91 4
90 105 3
91 92 4
91 106 3,4
92 93 1,2
92 107 3
93 94 2
93 108 1
94 95 
94 109 1,4
95 96 3,5
95 110 3
96 97 4
96 111 
97 98 2
97 112 
98 99 3
98 113 
99 100 
99 114 2,3
100 101 
100 115 5
101 102 
101 116 
102 103 1,3,5
102 117 4
103 104 1,4
103 118 4
104 119 1,4,5
105 106 3
105 120 
106 107 
106 121 3,5
107 108 
107 122 2,5
108 109 
108 123 1
109 110 4
109 124 
110 111 
110 125 
111 112 
111 126 
112 113 3
112 127 5
113 114 1
113 128 2,4
114 115 
114 129 1,3,5
115 116 
115 130 1
116 117 1,3,5
116 131 
117 118 
117 132 1,3,4
118 119 1
118 133 1
119 134 1,2
120 121 3
120 135 3
121 122 3,4
121 136 2,3
122 123 1
122 137 2
123 124 
123 138 2
124 125 3
124 139 
125 126 4
125 140 
126 127 1,4
126 141 4
127 128 
127 142 2
128 129 
128 143 
129 130 
129 144 1
130 131 2
130 145 1
131 132 2,4
131 146 1
132 133 4
132 147 5
133 134 3
133 148 3,4
134 149 4
135 136 2
135 150 1
136 137 1
136 151 4,5
137 138 3
137 152 
138 139 
138 153 4,5
139 140 2,5
139 154 
140 141 3
140 155 
141 142 2
141 156 
142 143 3
142 157 1,3
143 144 
143 158 3
144 145 3,4
144 159 2,4,5
145 146 
145 160 
146 147 
146 161 2,5
147 148 
147 162 2,4,5
148 149 
148 163 1
149 164 
150 151 5
150 165 
151 152 1
151 166 1
152 153 1,3
152 167 
153 154 
153 168 2
154 155 4
154 169 4
155 156 
155 170 2,3
156 157 4
156 171 3
157 158 2,4,5
157 172 
158 159 3
158 173 1,3,4,5
159 160 
159 174 
160 161 
160 175 5
161 162 2,5
161 176 
162 163 
162 177 
163 164 2,5
163 178 
164 179 4,5
165 166 
165 180 
166 167 
166 181 3,5
167 168 1
167 182 1,2
168 169 3,4,5
168 183 4
169 170 1,5
169 184 2
170 171 3,5
170 185 
171 172 3
171 186 1
172 173 5
172 187 1
173 174 1,2,4
173 188 
174 175 3
174 189 4
175 176 1,2
175 190 2
176 177 
176 191 1,4,5
177 178 
177 192 1,3
178 179 4
178 193 
179 194 4
180 181 3,4
180 195 4
181 182 2,3
181 196 4
182 183 3,4
182 197 
183 184 1,2,3
183 198 3
184 185 5
184 199 
185 186 
185 200 
186 187 1,4,5
186 201 
187 188 
187 202 2,4
188 189 4
188 203 3
189 190 2,5
189 204 
190 191 2
190 205 4
191 192 2
191 206 3,4
192 193 
192 207 2
193 194 2
193 208 1,5
194 209 3
195 196 
195 210 3
196 197 4
196 211 
197 198 3,4,5
197 212 1
198 199 
198 213 1
199 200 4
199 214 4,5
200 201 1
200 215 3
201 202 1,2
201 216 
202 203 1,4,5
202 217 
203 204 2
203 218 1
204 205 5
204 219 1
205 206 3,5
205 220 4
206 207 4,5
206 221 
207 208 
207 222 
208 209 3
208 223 1,2,5
209 224 1
210 211 1,3,4
211 212 5
212 213 4
213 214 4
214 215 2,4,5
215 216 2
216 217 
217 218 
218 219 
219 220 
220 221 
221 222 5
222 223 2
223 224 4
