15 15
1:0.306667 2:0.0533333 3:0.173333 4:0.106667 5:0.36 
0 1 4
0 15 1,2,3
1 2 
1 16 4
2 3 1
2 17 1,4
3 4 1,3
3 18 
4 5 3
4 19 1,3
5 6 3
5 20 
6 7 
6 21 2
7 8 
7 22 
8 9 3
8 23 
9 10 2
9 24 1,4,5
10 11 5
10 25 
11 12 4
11 26 1
12 13 4,5
12 27 
13 14 5
13 28 
14 29 
15 16 5
15 30 
16 17 
16 31 1,2,3,4,5
17 18 2,4
17 32 5
18 19 1
18 33 2,3,5
19 20 5
19 34 1
20 21 
20 35 5
21 22 4
21 36 3
22 23 1,3,4,5
22 37 
23 24 2
23 38 4
24 25 3,5
24 39 4,5
25 26 
25 40 2
26 27 2
26 41 3
27 28 5
27 42 4
28 29 
28 43 4
29 44 
30 31 
30 45 
31 32 5
31 46 1,4
32 33 4
32 47 
33 34 3,4,5
33 48 1
34 35 4
34 49 3
35 36 2,4,5
35 50 1
36 37 2,3
36 51 1
37 38 2,3,4,5
37 52 
38 39 
38 53 1
39 40 2,4
39 54 2
40 41 4
40 55 1
41 42 3
41 56 3
42 43 3,4,5
42 57 1,2,3
43 44 1
43 58 1,2
44 59 
45 46 
45 60 2,4
46 47 2
46 61 
47 48 4,5
47 62 1
48 49 1
48 63 3
49 50 2
49 64 5
50 51 1
50 65 4
51 52 2,4,5
51 66 
52 53 
52 67 
53 54 
53 68 
54 55 
54 69 2
55 56 3,5
55 70 4
56 57 
56 71 
57 58 
57 72 2,4
58 59 4
58 73 4,5
59 74 1
60 61 2,4
60 75 1,4
61 62 
61 76 
62 63 4
62 77 4,5
63 64 3,4
63 78 1,2,3,5
64 65 1,4
64 79 4,5
65 66 4
65 80 
66 67 
66 81 
67 68 1,4
67 82 
68 69 2,3
68 83 
69 70 2
69 84 1,4,5
70 71 
70 85 1,3
71 72 4
71 86 1,3
72 73 3
72 87 
73 74 3
73 88 2
74 89 
75 76 3
75 90 1,5
76 77 2
76 91 1,2,3,4,5
77 78 3,4
77 92 5
78 79 2
78 93 
79 80 3,4
79 94 
80 81 2
80 95 1,3,5
81 82 1
81 96 2,4
82 83 
82 97 2,5
83 84 
83 98 
84 85 1,3
84 99 
85 86 1
85 100 5
86 87 
86 101 
87 88 
87 102 3,4
88 89 2
88 103 2,3
89 104 1,3
90 91 1
90 105 3
91 92 
91 106 1,3
92 93 5
92 107 1
93 94 
93 108 2,4
94 95 
94 109 
95 96 3,4,5
95 110 1
96 97 3,4
96 111 4,5
97 98 4,5
97 112 
98 99 
98 113 3
99 100 3
99 114 4
100 101 
100 115 2
101 102 
101 116 
102 103 1
102 117 1,5
103 104 1
103 118 
104 119 4
105 106 4,5
105 120 2,4
106 107 
106 121 4
107 108 
107 122 2,5
108 109 
108 123 
109 110 2
109 124 2,4
110 111 1,3,5
110 125 5
111 112 4
111 126 1,5
112 113 3,4
112 127 3,4
113 114 5
113 128 
114 115 4
114 129 
115 116 2,4
115 130 5
116 117 2
116 131 3,5
117 118 4
117 132 
118 119 
118 133 
119 134 
120 121 3
120 135 1
121 122 1,5
121 136 1
122 123 1
122 137 1,2,5
123 124 1,4,5
123 138 1,5
124 125 4
124 139 3,5
125 126 1,5
125 140 1,2
126 127 5
126 141 2
127 128 5
127 142 2
128 129 3,4
128 143 2
129 130 1
129 144 4
130 131 
130 145 1,3,5
131 132 5
131 146 1
132 133 1,4
132 147 5
133 134 
133 148 
134 149 3,5
135 136 1
135 150 1,3
136 137 
136 151 3
137 138 
137 152 2,4
138 139 2
138 153 3
139 140 
139 154 2
140 141 3,5
140 155 
141 142 2,3
141 156 3
142 143 5
142 157 3
143 144 5
143 158 2,3
144 145 5
144 159 1,3,4
145 146 1,3
145 160 5
146 147 4
146 161 
147 148 
147 162 
148 149 1,2,3,4
148 163 
149 164 1
150 151 1
150 165 1
151 152 1
151 166 5
152 153 1,4,5
152 167 2
153 154 1
153 168 
154 155 3
154 169 5
155 156 
155 170 2,5
156 157 5
156 171 5
157 158 
157 172 
158 159 3
158 173 
159 160 
159 174 2,3
160 161 3,4,5
160 175 
161 162 
161 176 5
162 163 4,5
162 177 
163 164 
163 178 3,5
164 179 2,5
165 166 
165 180 2,5
166 167 2
166 181 3
167 168 3
167 182 1,4
168 169 2
168 183 
169 170 
169 184 
170 171 2,3
170 185 
171 172 5
171 186 4
172 173 2
172 187 1,4,5
173 174 3,5
173 188 1
174 175 2
174 189 1,2,4
175 176 1,4,5
175 190 2
176 177 
176 191 2
177 178 3
177 192 
178 179 3
178 193 3
179 194 4
180 181 
180 195 2
181 182 
181 196 1,3
182 183 1,4
182 197 1,4
183 184 
183 198 5
184 185 
184 199 5
185 186 
185 200 1
186 187 1,2
186 201 3
187 188 1,3,4
187 202 
188 189 1,2
188 203 
189 190 
189 204 2,5
190 191 5
190 205 1,4,5
191 192 2,3
191 206 3,4
192 193 
192 207 
193 194 2,3
193 208 
194 209 2
195 196 
195 210 1,3
196 197 1,2,4
196 211 2,4
197 198 5
197 212 4
198 199 1,5
198 213 4
199 200 2,5
199 214 1
200 201 
200 215 4
201 202 5
201 216 3,4
202 203 3,5
202 217 
203 204 3
203 218 
204 205 2,4
204 219 
205 206 2
205 220 2
206 207 1,3,4,5
206 221 1
207 208 1
207 222 
208 209 1,2
208 223 3,4
209 224 2,5
210 211 3,4
211 212 3
212 213 2,4
213 214 4
214 215 
215 216 4,5
216 217 1,4
217 218 3,5
218 219 1,3
219 220 2,4,5
220 221 
221 222 2,5
222 223 
223 224 4
