15 15
1:0.201613 2:0.185484 3:0.185484 4:0.193548 5:0.233871 
0 1 3,4
0 15 
1 2 1,2
1 16 2
2 3 1
2 17 2
3 4 
3 18 3
4 5 
4 19 1,2,5
5 6 4
5 20 4
6 7 3
6 21 3
7 8 2
7 22 
8 9 
8 23 3
9 10 2
9 24 1,4,5
10 11 2,3
10 25 
11 12 
11 26 2,4
12 13 4
12 27 1,2
13 14 
13 28 3,4
14 29 3,5
15 16 1,3,5
15 30 
16 17 4
16 31 4
17 18 
17 32 
18 19 
18 33 3,5
19 20 4
19 34 3
20 21 1,2
20 35 1,5
21 22 3
21 36 
22 23 1
22 37 
23 24 
23 38 4
24 25 3
24 39 
25 26 
25 40 
26 27 3
26 41 2
27 28 
27 42 
28 29 2,4,5
28 43 
29 44 1,2
30 31 
30 45 1,2,3
31 32 3
31 46 1
32 33 
32 47 1
33 34 2
33 48 5
34 35 
34 49 4
35 36 
35 50 
36 37 
36 51 3
37 38 2
37 52 2,5
38 39 3
38 53 2,3
39 40 
39 54 3
40 41 
40 55 
41 42 4,5
41 56 3
42 43 1
42 57 3
43 44 1,2
43 58 
44 59 2,3
45 46 1
45 60 5
46 47 1
46 61 1
47 48 1,3,4
47 62 5
48 49 1,4,5
48 63 
49 50 2,3
49 64 
50 51 3
50 65 
51 52 4
51 66 
52 53 4
52 67 3
53 54 2,5
53 68 
54 55 1
54 69 4
55 56 2,5
55 70 1,2,4
56 57 
56 71 
57 58 2
57 72 1,5
58 59 1,3,5
58 73 3
59 74 5
60 61 1,4
60 75 5
61 62 1,3
61 76 1,4,5
62 63 
62 77 
63 64 4
63 78 
64 65 
64 79 4
65 66 5
65 80 3,5
66 67 4
66 81 
67 68 3
67 82 2,4
68 69 1,2
68 83 2,5
69 70 
69 84 2,4
70 71 2
70 85 4
71 72 
71 86 3,5
72 73 1
72 87 4
73 74 1
73 88 3
74 89 4
75 76 
75 90 
76 77 1
76 91 1,2,3
77 78 
77 92 
78 79 1
78 93 4,5
79 80 4
79 94 2,4
80 81 2,3
80 95 2
81 82 4,5
81 96 1
82 83 2,3,5
82 97 
83 84 1
83 98 2
84 85 1
84 99 1
85 86 5
85 100 1,2,5
86 87 
86 101 
87 88 3,5
87 102 1
88 89 2
88 103 1,3
89 104 1,4
90 91 1,5
90 105 4
91 92 2,3
91 106 
92 93 3
92 107 2,5
93 94 4
93 108 2,5
94 95 1,2,3
94 109 3
95 96 
95 110 5
96 97 
96 111 2
97 98 
97 112 
98 99 2,3
98 113 4,5
99 100 5
99 114 2
100 101 
100 115 5
101 102 3,4
101 116 1
102 103 
102 117 4
103 104 1,5
103 118 
104 119 
105 106 1,2,5
105 120 
106 107 2,5
106 121 
107 108 
107 122 
108 109 
108 123 2
109 110 4
109 124 
110 111 1,2
110 125 3
111 112 
111 126 4
112 113 
112 127 5
113 114 4,5
113 128 1,4
114 115 4
114 129 3
115 116 4
115 130 2,4
116 117 1
116 131 1
117 118 1,3
117 132 2,5
118 119 
118 133 1,3,4
119 134 2,3
120 121 
120 135 
121 122 1,3,5
121 136 1
122 123 2
122 137 1
123 124 3,5
123 138 4
124 125 2
124 139 
125 126 5
125 140 4
126 127 2,4
126 141 
127 128 5
127 142 
128 129 2
128 143 2,4
129 130 2,4,5
129 144 1,2
130 131 1,2
130 145 2
131 132 3,5
131 146 
132 133 5
132 147 3,4
133 134 
133 148 1,5
134 149 4
135 136 1,3
135 150 4
136 137 
136 151 2,3,4,5
137 138 2
137 152 
138 139 5
138 153 1,3
139 140 3
139 154 2,3,5
140 141 1,3
140 155 3
141 142 5
141 156 
142 143 1,3,4
142 157 1,2,4
143 144 
143 158 3,5
144 145 1,2
144 159 5
145 146 2,5
145 160 3
146 147 1
146 161 
147 148 2
147 162 3
148 149 1
148 163 5
149 164 1,3,4
150 151 4
150 165 4
151 152 
151 166 4
152 153 
152 167 
153 154 
153 168 3
154 155 2
154 169 1,4
155 156 3,5
155 170 1,2
156 157 1,2,3,5
156 171 
157 158 2,5
157 172 1
158 159 2
158 173 4,5
159 160 
159 174 5
160 161 1,2,3
160 175 
161 162 5
161 176 2
162 163 1
162 177 3,4
163 164 2
163 178 
164 179 2,3
165 166 2
165 180 
166 167 1,3,4
166 181 
167 168 
167 182 1
168 169 4
168 183 2,3,4
169 170 2
169 184 1,5
170 171 
170 185 1,2,4
171 172 
171 186 
172 173 5
172 187 
173 174 
173 188 
174 175 
174 189 4,5
175 176 
175 190 5
176 177 2
176 191 4
177 178 2,3
177 192 
178 179 5
178 193 2
179 194 
180 181 2
180 195 
181 182 2,5
181 196 
182 183 
182 197 1,3
183 184 4
183 198 4
184 185 1
184 199 
185 186 1,3
185 200 1,4
186 187 4
186 201 1,5
187 188 5
187 202 1
188 189 1
188 203 
189 190 3
189 204 1
190 191 
190 205 2
191 192 
191 206 2,5
192 193 
192 207 
193 194 
193 208 5
194 209 
195 196 
195 210 2
196 197 
196 211 1
197 198 4,5
197 212 1
198 199 4
198 213 1,4
199 200 
199 214 
200 201 
200 215 4
201 202 
201 216 
202 203 3
202 217 
203 204 3
203 218 2,3,5
204 205 4
204 219 2
205 206 1,4
205 220 
206 207 1,2,4
206 221 4
207 208 1,3
207 222 2
208 209 
208 223 2,4
209 224 2
210 211 
211 212 4
212 213 2
213 214 1
214 215 
215 216 1,4
216 217 
217 218 3
218 219 4,5
219 220 1
220 221 3
221 222 4
222 223 1
223 224 4
