25 25 0.591667
1:0.0853699 2:0.343869 3:0.24895 4:0.321811 
0 1 
0 25 1
1 2 3
1 26 2
2 3 
2 27 2
3 4 1
3 28 1,2
4 5 3
4 29 
5 6 4
5 30 
6 7 3,4
6 31 
7 8 3
7 32 4
8 9 4
8 33 4
9 10 3,4
9 34 1
10 11 4
10 35 
11 12 
11 36 2,3
12 13 1,2
12 37 
13 14 1,4
13 38 
14 15 
14 39 1
15 16 
15 40 1,4
16 17 2
16 41 3
17 18 2
17 42 
18 19 2
18 43 
19 20 
19 44 1
20 21 1,3
20 45 
21 22 
21 46 1
22 23 4
22 47 
23 24 2
23 48 4
24 49 
25 26 1,2
25 50 3
26 27 2,4
26 51 1,3
27 28 
27 52 1,4
28 29 3
28 53 
29 30 
29 54 2
30 31 3
30 55 
31 32 1
31 56 2
32 33 
32 57 3
33 34 2
33 58 1
34 35 1,4
34 59 2
35 36 4
35 60 
36 37 
36 61 4
37 38 4
37 62 2,4
38 39 2,3
38 63 
39 40 
39 64 
40 41 1,3
40 65 
41 42 1,4
41 66 3,4
42 43 2,4
42 67 1
43 44 3
43 68 4
44 45 
44 69 2,3
45 46 
45 70 1
46 47 2,3
46 71 
47 48 
47 72 
48 49 
48 73 4
49 74 1
50 51 3
50 75 2
51 52 1
51 76 2
52 53 
52 77 1,4
53 54 1,3
53 78 1
54 55 1
54 79 
55 56 
55 80 
56 57 2
56 81 
57 58 
57 82 
58 59 1,2
58 83 
59 60 1,3
59 84 
60 61 
60 85 
61 62 
61 86 1,2,3,4
62 63 1,3
62 87 
63 64 
63 88 
64 65 
64 89 
65 66 
65 90 
66 67 
66 91 3
67 68 2
67 92 2
68 69 3
68 93 1,2
69 70 
69 94 4
70 71 1,2
70 95 
71 72 3
71 96 4
72 73 
72 97 
73 74 1,2
73 98 
74 99 3,4
75 76 
75 100 3,4
76 77 4
76 101 3
77 78 
77 102 4
78 79 1
78 103 
79 80 3
79 104 2,4
80 81 
80 105 1
81 82 2
81 106 4
82 83 
82 107 4
83 84 1,4
83 108 
84 85 1,4
84 109 
85 86 2,3
85 110 1
86 87 
86 111 
87 88 1,4
87 112 
88 89 
88 113 1,2
89 90 1
89 114 1
90 91 
90 115 
91 92 
91 116 3,4
92 93 
92 117 
93 94 
93 118 3
94 95 1,2,3
94 119 2
95 96 
95 120 
96 97 3,4
96 121 3
97 98 
97 122 2
98 99 1,3
98 123 3
99 124 
100 101 2
100 125 1,4
101 102 2
101 126 
102 103 
102 127 2,3
103 104 2,3
103 128 3
104 105 1,3,4
104 129 2
105 106 1
105 130 3
106 107 2,3
106 131 2,3,4
107 108 1,2,4
107 132 1
108 109 
108 133 
109 110 2,4
109 134 
110 111 
110 135 2
111 112 1
111 136 4
112 113 3
112 137 
113 114 
113 138 1,3
114 115 1,2
114 139 1,2
115 116 
115 140 2
116 117 1
116 141 2
117 118 
117 142 4
118 119 
118 143 3
119 120 4
119 144 
120 121 2
120 145 1,2
121 122 
121 146 2
122 123 2
122 147 
123 124 
123 148 
124 149 
125 126 
125 150 2
126 127 1,2
126 151 
127 128 2
127 152 
128 129 4
128 153 2
129 130 
129 154 4
130 131 4
130 155 
131 132 
131 156 2,4
132 133 4
132 157 
133 134 2
133 158 
134 135 1
134 159 
135 136 1
135 160 
136 137 
136 161 4
137 138 4
137 162 2
138 139 2,4
138 163 
139 140 1,3
139 164 1
140 141 
140 165 3,4
141 142 
141 166 
142 143 
142 167 
143 144 4
143 168 
144 145 2,4
144 169 4
145 146 3
145 170 
146 147 1
146 171 1
147 148 4
147 172 1
148 149 
148 173 1,2,3
149 174 2
150 151 3
150 175 1,4
151 152 2,3,4
151 176 2,3
152 153 4
152 177 3
153 154 2,4
153 178 1,4
154 155 3
154 179 3,4
155 156 2
155 180 1
156 157 1
156 181 
157 158 3,4
157 182 3
158 159 3
158 183 3
159 160 
159 184 3
160 161 
160 185 
161 162 
161 186 2
162 163 2,3
162 187 3
163 164 3,4
163 188 2
164 165 2
164 189 1,2
165 166 2
165 190 1,3
166 167 
166 191 4
167 168 1,3
167 192 2
168 169 3
168 193 
169 170 2,3
169 194 2
170 171 
170 195 1,2
171 172 2,3
171 196 
172 173 
172 197 3,4
173 174 2
173 198 3
174 199 
175 176 3
175 200 
176 177 1
176 201 4
177 178 
177 202 3
178 179 
178 203 1,4
179 180 
179 204 
180 181 2
180 205 3
181 182 1
181 206 4
182 183 
182 207 
183 184 1
183 208 2
184 185 2
184 209 
185 186 
185 210 1
186 187 2
186 211 
187 188 
187 212 3
188 189 3
188 213 1,4
189 190 1,4
189 214 1
190 191 
190 215 1
191 192 1,2,4
191 216 2
192 193 
192 217 4
193 194 3
193 218 
194 195 
194 219 3
195 196 2
195 220 1
196 197 
196 221 
197 198 
197 222 
198 199 2
198 223 
199 224 3
200 201 4
200 225 1
201 202 3
201 226 3
202 203 
202 227 1,2
203 204 
203 228 
204 205 1,2,4
204 229 
205 206 
205 230 
206 207 2
206 231 1,2
207 208 2,4
207 232 
208 209 1,3
208 233 
209 210 
209 234 2
210 211 2,3
210 235 1
211 212 
211 236 1,3,4
212 213 2,3,4
212 237 
213 214 
213 238 
214 215 3
214 239 1
215 216 
215 240 2
216 217 1
216 241 
217 218 
217 242 4
218 219 2,3
218 243 3
219 220 
219 244 4
220 221 
220 245 2,3
221 222 
221 246 
222 223 2
222 247 
223 224 
223 248 
224 249 1
225 226 4
225 250 
226 227 1
226 251 2
227 228 
227 252 3
228 229 
228 253 4
229 230 3
229 254 2
230 231 1,2,4
230 255 
231 232 
231 256 
232 233 1
232 257 2,4
233 234 4
233 258 1,4
234 235 
234 259 2
235 236 
235 260 
236 237 2
236 261 2
237 238 1,2
237 262 
238 239 
238 263 
239 240 4
239 264 
240 241 
240 265 4
241 242 
241 266 4
242 243 2
242 267 
243 244 1,2
243 268 2
244 245 1,2,4
244 269 2,3,4
245 246 1
245 270 
246 247 3
246 271 
247 248 4
247 272 3
248 249 
248 273 1,2,4
249 274 
250 251 
250 275 
251 252 3,4
251 276 
252 253 1
252 277 3
253 254 4
253 278 
254 255 
254 279 
255 256 
255 280 4
256 257 4
256 281 2
257 258 4
257 282 4
258 259 
258 283 
259 260 4
259 284 
260 261 2
260 285 2
261 262 1
261 286 4
262 263 
262 287 
263 264 
263 288 2,4
264 265 1
264 289 2,3
265 266 
265 290 
266 267 4
266 291 
267 268 
267 292 
268 269 2,3
268 293 1,3
269 270 1,3
269 294 3
270 271 2,4
270 295 
271 272 2
271 296 3
272 273 1
272 297 
273 274 2
273 298 2
274 299 1,4
275 276 
275 300 2,3,4
276 277 1,4
276 301 
277 278 
277 302 
278 279 2
278 303 
279 280 
279 304 3
280 281 
280 305 
281 282 1
281 306 4
282 283 2
282 307 3,4
283 284 3
283 308 2
284 285 
284 309 
285 286 2
285 310 4
286 287 
286 311 
287 288 
287 312 2,3
288 289 3,4
288 313 1
289 290 3
289 314 
290 291 3
290 315 3
291 292 
291 316 2,3,4
292 293 3,4
292 317 
293 294 
293 318 
294 295 2,3
294 319 2
295 296 3
295 320 
296 297 2
296 321 2,3,4
297 298 4
297 322 1
298 299 2,4
298 323 
299 324 
300 301 1
300 325 2,4
301 302 1
301 326 
302 303 3,4
302 327 2,3
303 304 4
303 328 
304 305 1
304 329 2
305 306 3
305 330 3
306 307 2
306 331 4
307 308 1,3
307 332 2,3
308 309 
308 333 
309 310 4
309 334 
310 311 3
310 335 4
311 312 
311 336 4
312 313 2,3
312 337 3
313 314 4
313 338 2,3
314 315 2
314 339 2
315 316 
315 340 1
316 317 
316 341 
317 318 
317 342 1
318 319 
318 343 2,4
319 320 2
319 344 3
320 321 
320 345 3,4
321 322 1,3,4
321 346 
322 323 3
322 347 
323 324 
323 348 
324 349 3,4
325 326 4
325 350 4
326 327 2
326 351 3
327 328 
327 352 
328 329 1
328 353 2
329 330 
329 354 1,4
330 331 1
330 355 1,2
331 332 
331 356 
332 333 
332 357 
333 334 
333 358 
334 335 3
334 359 
335 336 
335 360 
336 337 
336 361 1,2
337 338 
337 362 3
338 339 
338 363 2
339 340 
339 364 
340 341 4
340 365 2
341 342 
341 366 1,2,4
342 343 4
342 367 3
343 344 1
343 368 
344 345 4
344 369 4
345 346 4
345 370 3
346 347 
346 371 
347 348 
347 372 2
348 349 2
348 373 
349 374 1
350 351 3
350 375 4
351 352 1,3
351 376 
352 353 3
352 377 
353 354 3,4
353 378 1,4
354 355 2
354 379 3
355 356 2
355 380 2,4
356 357 
356 381 
357 358 1
357 382 
358 359 
358 383 
359 360 
359 384 
360 361 3,4
360 385 1
361 362 
361 386 1,3
362 363 
362 387 
363 364 2,4
363 388 4
364 365 4
364 389 1,2,4
365 366 
365 390 3,4
366 367 2
366 391 1
367 368 
367 392 2
368 369 
368 393 2,3
369 370 
369 394 
370 371 1,4
370 395 
371 372 1
371 396 2
372 373 1,2,4
372 397 4
373 374 
373 398 2,3
374 399 1
375 376 1
375 400 2
376 377 
376 401 2
377 378 3
377 402 4
378 379 2
378 403 2
379 380 4
379 404 4
380 381 2
380 405 
381 382 
381 406 
382 383 
382 407 
383 384 
383 408 
384 385 4
384 409 
385 386 
385 410 2
386 387 
386 411 3
387 388 4
387 412 1,2,3,4
388 389 3
388 413 4
389 390 
389 414 
390 391 2
390 415 3
391 392 4
391 416 3
392 393 4
392 417 1
393 394 2,4
393 418 4
394 395 2
394 419 3
395 396 4
395 420 
396 397 2,3
396 421 
397 398 
397 422 3
398 399 
398 423 4
399 424 3
400 401 
400 425 
401 402 
401 426 
402 403 
402 427 3
403 404 4
403 428 1
404 405 
404 429 
405 406 
405 430 2,3,4
406 407 
406 431 2,4
407 408 1,2,4
407 432 2,3
408 409 4
408 433 
409 410 2,4
409 434 
410 411 2
410 435 
411 412 
411 436 
412 413 1
412 437 2
413 414 
413 438 4
414 415 4
414 439 
415 416 2
415 440 
416 417 1,3
416 441 3
417 418 
417 442 2,4
418 419 4
418 443 3
419 420 
419 444 
420 421 4
420 445 
421 422 
421 446 
422 423 4
422 447 3
423 424 3
423 448 
424 449 
425 426 
425 450 3,4
426 427 
426 451 4
427 428 
427 452 2
428 429 
428 453 1
429 430 
429 454 
430 431 2
430 455 3
431 432 3
431 456 
432 433 
432 457 
433 434 
433 458 
434 435 2
434 459 4
435 436 
435 460 
436 437 2
436 461 
437 438 
437 462 3
438 439 4
438 463 
439 440 1,2,3
439 464 4
440 441 2
440 465 3
441 442 
441 466 
442 443 4
442 467 1,2,4
443 444 3
443 468 3
444 445 
444 469 
445 446 
445 470 
446 447 
446 471 2
447 448 1
447 472 3
448 449 4
448 473 2
449 474 
450 451 2
450 475 2,3
451 452 3
451 476 
452 453 
452 477 
453 454 1
453 478 1
454 455 2
454 479 
455 456 
455 480 
456 457 2,3
456 481 1,3,4
457 458 3
457 482 1
458 459 
458 483 2,3
459 460 
459 484 2,3
460 461 
460 485 1
461 462 
461 486 
462 463 3
462 487 
463 464 
463 488 
464 465 1,2
464 489 3
465 466 
465 490 2,3
466 467 
466 491 2,3
467 468 
467 492 2
468 469 
468 493 3
469 470 
469 494 4
470 471 
470 495 1,2
471 472 
471 496 1
472 473 
472 497 2,3
473 474 
473 498 1,4
474 499 1
475 476 
475 500 
476 477 3
476 501 
477 478 1
477 502 
478 479 
478 503 3
479 480 3,4
479 504 1,2
480 481 
480 505 2,4
481 482 2
481 506 3
482 483 
482 507 1
483 484 
483 508 
484 485 1,4
484 509 2,3
485 486 1,3
485 510 
486 487 1,3,4
486 511 
487 488 3,4
487 512 1
488 489 1
488 513 
489 490 
489 514 2,3
490 491 3,4
490 515 4
491 492 
491 516 2
492 493 3
492 517 4
493 494 4
493 518 2,3,4
494 495 2,4
494 519 2,4
495 496 1
495 520 
496 497 1
496 521 3
497 498 
497 522 3
498 499 
498 523 
499 524 2,4
500 501 
500 525 
501 502 3
501 526 
502 503 4
502 527 2,4
503 504 4
503 528 3
504 505 4
504 529 1
505 506 1
505 530 
506 507 
506 531 1,2
507 508 
507 532 
508 509 2
508 533 
509 510 1,3
509 534 1
510 511 2
510 535 2
511 512 2,3
511 536 1
512 513 3
512 537 
513 514 1
513 538 
514 515 3
514 539 
515 516 
515 540 3
516 517 
516 541 
517 518 
517 542 
518 519 4
518 543 3
519 520 1,3
519 544 4
520 521 
520 545 3,4
521 522 4
521 546 1,2
522 523 
522 547 3,4
523 524 
523 548 3
524 549 1,3
525 526 3
525 550 
526 527 
526 551 2
527 528 
527 552 
528 529 
528 553 
529 530 2,3
529 554 
530 531 2,4
530 555 1
531 532 3,4
531 556 
532 533 
532 557 
533 534 2,4
533 558 3,4
534 535 
534 559 
535 536 1
535 560 1,3
536 537 
536 561 3
537 538 3
537 562 1,2
538 539 
538 563 
539 540 1,2,4
539 564 1
540 541 
540 565 2,4
541 542 
541 566 
542 543 
542 567 2
543 544 1,4
543 568 4
544 545 
544 569 
545 546 1
545 570 4
546 547 
546 571 4
547 548 3
547 572 1
548 549 
548 573 4
549 574 4
550 551 3
550 575 
551 552 1
551 576 1
552 553 
552 577 
553 554 4
553 578 3
554 555 2
554 579 3
555 556 
555 580 
556 557 2
556 581 2
557 558 
557 582 3
558 559 
558 583 1
559 560 1
559 584 2,3
560 561 1,3,4
560 585 
561 562 2
561 586 
562 563 1,2,3
562 587 
563 564 1,2,3
563 588 
564 565 
564 589 2
565 566 1
565 590 
566 567 3
566 591 
567 568 1
567 592 
568 569 4
568 593 
569 570 3
569 594 
570 571 3
570 595 
571 572 2
571 596 
572 573 1
572 597 2
573 574 3,4
573 598 1
574 599 
575 576 2
575 600 
576 577 4
576 601 2,4
577 578 1,2
577 602 
578 579 2,4
578 603 2
579 580 
579 604 3
580 581 
580 605 
581 582 3
581 606 
582 583 
582 607 
583 584 
583 608 2,4
584 585 
584 609 2,3
585 586 2
585 610 3
586 587 1
586 611 3,4
587 588 4
587 612 1,2
588 589 3
588 613 
589 590 
589 614 
590 591 1,3
590 615 2
591 592 1,4
591 616 1
592 593 
592 617 
593 594 2
593 618 
594 595 
594 619 2
595 596 1,4
595 620 
596 597 1,3,4
596 621 
597 598 4
597 622 
598 599 2
598 623 1,4
599 624 2
600 601 
601 602 4
602 603 2,3
603 604 
604 605 
605 606 2,3
606 607 
607 608 4
608 609 1
609 610 3
610 611 2
611 612 
612 613 
613 614 1
614 615 
615 616 
616 617 1,2
617 618 
618 619 4
619 620 4
620 621 2
621 622 2,3
622 623 2,3
623 624 
