10 10 0.433333 5
0:0.0770408 1:0.219384 2:0.703576 3:0.345328 4:0.379094 5:0.275578 6:0.211327 7:0.537219 8:0.251454 9:0.331472 10:0.249271 11:0.419256 12:0.290778 13:0.345809 14:0.363413 
0 0 1 0 2 0 3 1 4 1 5 1 6 2 7 2 8 2 9 3 10 3 11 3 12 4 13 4 14 4 
0,1,2,
52
68 98 58 
0 1 5
0 10 
1 2 5
1 11 5
2 3 5
2 12 5
3 4 5
3 13 3,5
4 5 
4 14 
5 6 
5 15 
6 7 
6 16 
7 8 
7 17 
8 9 
8 18 
9 19 
10 11 
10 20 
11 12 
11 21 
12 13 3
12 22 
13 14 3
13 23 3
14 15 
14 24 
15 16 
15 25 
16 17 
16 26 
17 18 
17 27 
18 19 
18 28 
19 29 
20 21 
20 30 
21 22 
21 31 
22 23 3
22 32 4
23 24 3
23 33 3,7
24 25 
24 34 
25 26 
25 35 
26 27 
26 36 
27 28 
27 37 
28 29 
28 38 
29 39 
30 31 
30 40 
31 32 4
31 41 
32 33 4,7
32 42 4
33 34 7
33 43 7
34 35 
34 44 6
35 36 
35 45 
36 37 
36 46 
37 38 
37 47 
38 39 
38 48 
39 49 
40 41 
40 50 
41 42 4
41 51 
42 43 4,7
42 52 4
43 44 6,7
43 53 7
44 45 6
44 54 6
45 46 
45 55 
46 47 
46 56 
47 48 
47 57 2
48 49 
48 58 
49 59 
50 51 
50 60 10
51 52 
51 61 13
52 53 
52 62 
53 54 6
53 63 8,14
54 55 6
54 64 6
55 56 
55 65 
56 57 2
56 66 
57 58 2
57 67 0,2
58 59 
58 68 
59 69 
60 61 10,13
60 70 10
61 62 13
61 71 10,13
62 63 8,14
62 72 
63 64 8,14
63 73 8,14
64 65 
64 74 
65 66 
65 75 
66 67 0,2
66 76 
67 68 0,2
67 77 0,2
68 69 
68 78 
69 79 1
70 71 10,13
70 80 9,10
71 72 10,13
71 81 10,13
72 73 8,14
72 82 11
73 74 8,14
73 83 8,12,14
74 75 
74 84 
75 76 
75 85 
76 77 0
76 86 
77 78 0
77 87 0
78 79 1
78 88 1
79 89 1
80 81 9
80 90 9
81 82 11
81 91 9
82 83 11,12
82 92 11
83 84 12
83 93 12
84 85 
84 94 
85 86 
85 95 
86 87 
86 96 
87 88 1
87 97 
88 89 1
88 98 1
89 99 1
90 91 9
91 92 9,11
92 93 11,12
93 94 12
94 95 
95 96 
96 97 
97 98 
98 99 
