10 10 5
0 0 1 0 2 0 3 1 4 1 5 1 6 2 7 2 8 2 9 3 10 3 11 3 12 4 13 4 14 4 
7 60 18
0 0 1 1 0 0 0 1 0 0 0 1 0 1 0 
2 3 7 11 13 
0 1 3,5
0 10 3,5
1 2 4,5
1 11 3,5
2 3 4
2 12 4
3 4 
3 13 
4 5 9,10
4 14 
5 6 9,10
5 15 9,10
6 7 8,9
6 16 9
7 8 6,8,9,11
7 17 7,8,9
8 9 6,8,11
8 18 6,8,11
9 19 6,8,11
10 11 3,5
10 20 3,5
11 12 3,4
11 21 3
12 13 4
12 22 4
13 14 
13 23 
14 15 10
14 24 
15 16 10
15 25 10
16 17 7
16 26 
17 18 7
17 27 7
18 19 6,11
18 28 
19 29 6,11
20 21 
20 30 
21 22 
21 31 
22 23 
22 32 
23 24 
23 33 
24 25 
24 34 
25 26 
25 35 
26 27 7
26 36 
27 28 7
27 37 7
28 29 
28 38 
29 39 
30 31 
30 40 
31 32 
31 41 
32 33 
32 42 
33 34 
33 43 
34 35 
34 44 
35 36 
35 45 
36 37 
36 46 
37 38 
37 47 
38 39 
38 48 
39 49 
40 41 
40 50 
41 42 
41 51 
42 43 
42 52 
43 44 
43 53 13
44 45 
44 54 
45 46 
45 55 
46 47 
46 56 
47 48 
47 57 
48 49 
48 58 
49 59 
50 51 
50 60 
51 52 
51 61 
52 53 13
52 62 
53 54 13
53 63 13
54 55 
54 64 
55 56 
55 65 
56 57 
56 66 0
57 58 
57 67 
58 59 
58 68 
59 69 
60 61 
60 70 12
61 62 
61 71 14
62 63 13
62 72 
63 64 13
63 73 2,13
64 65 
64 74 
65 66 0
65 75 
66 67 0
66 76 0,1
67 68 
67 77 
68 69 
68 78 
69 79 
70 71 12,14
70 80 12
71 72 14
71 81 12,14
72 73 2
72 82 
73 74 2
73 83 2
74 75 
74 84 
75 76 0,1
75 85 
76 77 0,1
76 86 0,1
77 78 
77 87 
78 79 
78 88 
79 89 
80 81 12,14
80 90 12
81 82 12,14
81 91 12,14
82 83 2
82 92 
83 84 2
83 93 2
84 85 
84 94 
85 86 1
85 95 
86 87 1
86 96 1
87 88 
87 97 
88 89 
88 98 
89 99 
90 91 
91 92 
92 93 
93 94 
94 95 
95 96 
96 97 
97 98 
98 99 
