10 10 0.65 3
0:0.168254 1:0.579517 2:0.252228 3:0.42051 4:0.276819 5:0.302671 6:0.0846316 7:0.440005 8:0.475363 
0 0 1 0 2 0 3 1 4 1 5 1 6 2 7 2 8 2 
6,7,8,
96
40 33 23 
0 1 6,7
0 10 6
1 2 6,7
1 11 6,7,8
2 3 1,6,7
2 12 1,6,7
3 4 1,6,7
3 13 1,6,7
4 5 1,7
4 14 0,1,7
5 6 1,7
5 15 1,7
6 7 
6 16 4
7 8 
7 17 
8 9 
8 18 
9 19 
10 11 6,8
10 20 6,8
11 12 1,6,7,8
11 21 6,8
12 13 1,6,7
12 22 1,6,7,8
13 14 0,1,7
13 23 0,1,7
14 15 0,1,7
14 24 0,1,7
15 16 1,4
15 25 1,4
16 17 4
16 26 4
17 18 
17 27 
18 19 
18 28 
19 29 
20 21 6,8
20 30 6,8
21 22 6,8
21 31 6,8
22 23 0,7,8
22 32 8
23 24 0,1,7
23 33 0,7
24 25 0,1,4
24 34 0,1
25 26 4
25 35 0,4
26 27 4
26 36 4
27 28 
27 37 4
28 29 
28 38 
29 39 
30 31 6,8
30 40 6,8
31 32 8
31 41 8
32 33 0,8
32 42 8
33 34 0
33 43 0
34 35 0,4
34 44 0
35 36 0,4
35 45 0,4
36 37 4
36 46 4
37 38 4
37 47 2,4
38 39 
38 48 
39 49 
40 41 8
40 50 
41 42 8
41 51 8
42 43 
42 52 
43 44 0
43 53 
44 45 0
44 54 0
45 46 4
45 55 3
46 47 2,4
46 56 2,4
47 48 2
47 57 2
48 49 
48 58 
49 59 5
50 51 
50 60 
51 52 
51 61 
52 53 
52 62 
53 54 
53 63 
54 55 3
54 64 3
55 56 2,3
55 65 3
56 57 2
56 66 2
57 58 2
57 67 2
58 59 5
58 68 2,5
59 69 5
60 61 
60 70 
61 62 
61 71 
62 63 
62 72 
63 64 3
63 73 
64 65 3
64 74 3
65 66 2,3
65 75 3
66 67 2
66 76 2,3
67 68 2,5
67 77 2
68 69 2,5
68 78 2,5
69 79 5
70 71 
70 80 
71 72 
71 81 
72 73 
72 82 
73 74 3
73 83 
74 75 3
74 84 3
75 76 3
75 85 3
76 77 2,3
76 86 3
77 78 2,5
77 87 2,5
78 79 5
78 88 5
79 89 5
80 81 
80 90 
81 82 
81 91 
82 83 
82 92 
83 84 
83 93 
84 85 3
84 94 
85 86 3
85 95 3
86 87 5
86 96 
87 88 5
87 97 5
88 89 5
88 98 5
89 99 5
90 91 
91 92 
92 93 
93 94 
94 95 
95 96 
96 97 
97 98 5
98 99 5
