20 30 0.582609
0:0.25216 1:0.340462 2:0.407378 3:0.536634 4:0.463366 5:0.363919 6:0.365491 7:0.27059 8:0.411999 9:0.588001 
0 0 1 0 2 0 3 1 4 1 5 2 6 2 7 2 8 3 9 3 
0 1 
0 30 
1 2 
1 31 
2 3 
2 32 
3 4 
3 33 
4 5 
4 34 
5 6 
5 35 
6 7 4
6 36 4
7 8 4
7 37 4
8 9 4
8 38 4
9 10 4
9 39 4
10 11 4
10 40 4
11 12 4
11 41 4
12 13 
12 42 4
13 14 
13 43 
14 15 
14 44 
15 16 
15 45 
16 17 
16 46 
17 18 
17 47 
18 19 
18 48 
19 20 
19 49 
20 21 
20 50 
21 22 
21 51 
22 23 
22 52 
23 24 
23 53 
24 25 
24 54 
25 26 
25 55 0
26 27 
26 56 
27 28 
27 57 
28 29 
28 58 2
29 59 
30 31 
30 60 
31 32 
31 61 
32 33 
32 62 
33 34 
33 63 
34 35 
34 64 
35 36 4
35 65 4
36 37 4
36 66 4
37 38 4
37 67 4
38 39 4
38 68 4
39 40 4
39 69 4
40 41 4
40 70 4
41 42 4
41 71 4
42 43 4
42 72 4
43 44 
43 73 4
44 45 
44 74 
45 46 
45 75 
46 47 
46 76 
47 48 
47 77 
48 49 
48 78 
49 50 
49 79 
50 51 
50 80 
51 52 
51 81 
52 53 
52 82 
53 54 
53 83 
54 55 0
54 84 0
55 56 0
55 85 0
56 57 
56 86 
57 58 2
57 87 2
58 59 2
58 88 2
59 89 1
60 61 
60 90 
61 62 
61 91 
62 63 
62 92 
63 64 
63 93 
64 65 4
64 94 
65 66 4
65 95 4
66 67 4
66 96 4
67 68 4
67 97 4
68 69 4
68 98 4
69 70 4
69 99 4
70 71 4
70 100 3,4
71 72 4
71 101 4
72 73 4
72 102 4
73 74 
73 103 4
74 75 
74 104 
75 76 
75 105 
76 77 
76 106 
77 78 
77 107 
78 79 
78 108 
79 80 
79 109 
80 81 
80 110 
81 82 
81 111 
82 83 
82 112 
83 84 
83 113 
84 85 0
84 114 0
85 86 0
85 115 0
86 87 
86 116 0
87 88 2
87 117 2
88 89 1,2
88 118 1,2
89 119 1,2
90 91 
90 120 
91 92 
91 121 
92 93 
92 122 
93 94 
93 123 
94 95 4
94 124 
95 96 4
95 125 4
96 97 4
96 126 4
97 98 4
97 127 4
98 99 4
98 128 4
99 100 3,4
99 129 4
100 101 3,4
100 130 3,4
101 102 4
101 131 4
102 103 4
102 132 4
103 104 4
103 133 4
104 105 
104 134 
105 106 
105 135 
106 107 
106 136 
107 108 
107 137 
108 109 
108 138 
109 110 
109 139 
110 111 
110 140 
111 112 
111 141 
112 113 
112 142 
113 114 0
113 143 0
114 115 0
114 144 0
115 116 0
115 145 0
116 117 0,2
116 146 0,2
117 118 1,2
117 147 0,1,2
118 119 1,2
118 148 1,2
119 149 1,2
120 121 
120 150 
121 122 
121 151 
122 123 
122 152 
123 124 
123 153 
124 125 
124 154 
125 126 4
125 155 
126 127 4
126 156 4
127 128 4
127 157 4
128 129 4
128 158 4
129 130 3,4
129 159 3,4
130 131 3,4
130 160 3,4
131 132 4
131 161 3,4
132 133 4
132 162 4
133 134 
133 163 
134 135 
134 164 
135 136 
135 165 
136 137 
136 166 
137 138 
137 167 
138 139 
138 168 
139 140 
139 169 
140 141 
140 170 
141 142 
141 171 
142 143 0
142 172 0
143 144 0
143 173 0
144 145 0
144 174 0
145 146 0,2
145 175 0,2
146 147 0,1,2
146 176 0,1,2
147 148 0,1,2
147 177 0,1,2
148 149 1,2
148 178 0,1,2
149 179 1,2
150 151 
150 180 
151 152 
151 181 
152 153 
152 182 
153 154 
153 183 
154 155 
154 184 
155 156 
155 185 
156 157 4
156 186 
157 158 4
157 187 4
158 159 3,4
158 188 3,4
159 160 3,4
159 189 3,4
160 161 3,4
160 190 3,4
161 162 3,4
161 191 3,4
162 163 
162 192 3
163 164 
163 193 
164 165 
164 194 
165 166 
165 195 
166 167 
166 196 
167 168 
167 197 
168 169 
168 198 
169 170 
169 199 
170 171 
170 200 
171 172 0
171 201 0
172 173 0
172 202 0
173 174 0
173 203 0
174 175 0,2
174 204 0,2
175 176 0,1,2
175 205 0,1,2
176 177 0,1,2
176 206 0,1,2
177 178 0,1,2
177 207 0,1,2
178 179 0,1,2
178 208 0,1,2
179 209 0,1,2
180 181 
180 210 
181 182 
181 211 
182 183 
182 212 
183 184 
183 213 
184 185 
184 214 
185 186 
185 215 
186 187 
186 216 
187 188 3,4
187 217 3
188 189 3,4
188 218 3,4
189 190 3,4
189 219 3,4
190 191 3,4
190 220 3,4
191 192 3
191 221 3
192 193 3
192 222 3
193 194 
193 223 3
194 195 
194 224 
195 196 
195 225 
196 197 
196 226 
197 198 
197 227 
198 199 
198 228 
199 200 
199 229 
200 201 0
200 230 
201 202 0
201 231 0,9
202 203 0
202 232 0
203 204 0,2
203 233 0,2
204 205 0,1,2
204 234 0,1,2
205 206 0,1,2
205 235 0,1,2
206 207 0,1,2
206 236 0,1,2
207 208 0,1,2
207 237 0,1,2
208 209 0,1,2
208 238 0,1,2
209 239 0,1,2
210 211 
210 240 
211 212 
211 241 
212 213 
212 242 
213 214 
213 243 
214 215 
214 244 
215 216 
215 245 
216 217 3
216 246 3
217 218 3
217 247 3,7
218 219 3,4
218 248 3
219 220 3,4
219 249 3,4
220 221 3
220 250 3
221 222 3
221 251 3
222 223 3
222 252 3
223 224 3
223 253 3
224 225 
224 254 3
225 226 
225 255 
226 227 
226 256 
227 228 
227 257 
228 229 
228 258 
229 230 
229 259 
230 231 9
230 260 
231 232 0,9
231 261 9
232 233 0,2
232 262 0
233 234 0,1,2
233 263 0,1,2
234 235 0,1,2
234 264 0,1,2
235 236 0,1,2
235 265 0,1,2
236 237 0,1,2
236 266 0,1,2
237 238 0,1,2
237 267 0,1,2
238 239 0,1,2
238 268 0,1,2
239 269 1,2
240 241 
240 270 
241 242 
241 271 
242 243 
242 272 
243 244 
243 273 
244 245 
244 274 
245 246 3
245 275 
246 247 3,7
246 276 3
247 248 3,7
247 277 3,7
248 249 3
248 278 3
249 250 3
249 279 3
250 251 3
250 280 3
251 252 3
251 281 3
252 253 3
252 282 3
253 254 3
253 283 3
254 255 3
254 284 3
255 256 
255 285 
256 257 
256 286 
257 258 
257 287 
258 259 
258 288 
259 260 
259 289 
260 261 9
260 290 9
261 262 9
261 291 9
262 263 0,1
262 292 9
263 264 0,1,2
263 293 0,1
264 265 0,1,2
264 294 0,1,2
265 266 0,1,2
265 295 0,1,2
266 267 0,1,2
266 296 0,1,2
267 268 0,1,2
267 297 0,1,2
268 269 1,2
268 298 1,2
269 299 1,2
270 271 
270 300 
271 272 
271 301 
272 273 
272 302 
273 274 
273 303 
274 275 
274 304 
275 276 
275 305 
276 277 3,7
276 306 7
277 278 3,7
277 307 3,7
278 279 3
278 308 3,7
279 280 3
279 309 3
280 281 3
280 310 3
281 282 3
281 311 3
282 283 3
282 312 3
283 284 3
283 313 3
284 285 
284 314 
285 286 
285 315 
286 287 
286 316 
287 288 
287 317 
288 289 
288 318 8
289 290 9
289 319 9
290 291 9
290 320 9
291 292 9
291 321 9
292 293 9
292 322 9
293 294 0,1
293 323 9
294 295 0,1,2
294 324 0,1
295 296 0,1,2
295 325 0,1,2
296 297 0,1,2
296 326 0,1,2
297 298 1,2
297 327 1,2
298 299 1,2
298 328 1,2
299 329 1,2
300 301 
300 330 
301 302 
301 331 
302 303 
302 332 
303 304 
303 333 
304 305 
304 334 
305 306 7
305 335 7
306 307 7
306 336 7
307 308 3,7
307 337 7
308 309 3,7
308 338 3,7
309 310 3
309 339 3,7
310 311 3
310 340 3
311 312 3
311 341 3
312 313 3
312 342 3
313 314 
313 343 
314 315 
314 344 
315 316 
315 345 
316 317 
316 346 
317 318 8
317 347 8
318 319 8,9
318 348 8,9
319 320 9
319 349 9
320 321 9
320 350 9
321 322 9
321 351 9
322 323 9
322 352 9
323 324 9
323 353 9
324 325 0,1
324 354 9
325 326 0,1,2
325 355 0,1
326 327 1,2
326 356 1,2
327 328 1,2
327 357 1,2
328 329 1,2
328 358 1,2
329 359 1,2
330 331 
330 360 
331 332 
331 361 
332 333 
332 362 
333 334 
333 363 
334 335 7
334 364 7
335 336 7
335 365 7
336 337 7
336 366 7
337 338 7
337 367 7
338 339 3,7
338 368 5,7
339 340 3,7
339 369 3,7
340 341 3
340 370 3,7
341 342 3
341 371 3
342 343 
342 372 
343 344 
343 373 
344 345 
344 374 
345 346 
345 375 
346 347 
346 376 
347 348 8,9
347 377 8,9
348 349 8,9
348 378 8,9
349 350 9
349 379 8,9
350 351 9
350 380 9
351 352 9
351 381 9
352 353 9
352 382 9
353 354 9
353 383 9
354 355 9
354 384 9
355 356 1
355 385 9
356 357 1,2
356 386 1
357 358 1,2
357 387 1,2
358 359 1,2
358 388 1,2
359 389 1,2
360 361 
360 390 
361 362 
361 391 
362 363 
362 392 
363 364 7
363 393 7
364 365 7
364 394 7
365 366 7
365 395 7
366 367 7
366 396 7
367 368 5,7
367 397 5,7
368 369 5,7
368 398 5,7
369 370 3,7
369 399 5,7
370 371 3,7
370 400 3,7
371 372 
371 401 7
372 373 
372 402 6
373 374 
373 403 
374 375 
374 404 
375 376 
375 405 
376 377 8,9
376 406 8
377 378 8,9
377 407 8,9
378 379 8,9
378 408 8,9
379 380 8,9
379 409 8,9
380 381 9
380 410 8,9
381 382 9
381 411 9
382 383 9
382 412 9
383 384 9
383 413 9
384 385 9
384 414 9
385 386 9
385 415 9
386 387 1
386 416 
387 388 1,2
387 417 1
388 389 1,2
388 418 1,2
389 419 1
390 391 
390 420 
391 392 
391 421 
392 393 7
392 422 
393 394 7
393 423 7
394 395 7
394 424 7
395 396 7
395 425 7
396 397 5,7
396 426 5,7
397 398 5,7
397 427 5,7
398 399 5,7
398 428 5,7
399 400 5,7
399 429 5,7
400 401 7
400 430 5,7
401 402 6,7
401 431 6,7
402 403 6
402 432 6
403 404 
403 433 6
404 405 
404 434 
405 406 8
405 435 8
406 407 8
406 436 8
407 408 8,9
407 437 8
408 409 8,9
408 438 8,9
409 410 8,9
409 439 8,9
410 411 8,9
410 440 8,9
411 412 9
411 441 8,9
412 413 9
412 442 9
413 414 9
413 443 9
414 415 9
414 444 9
415 416 
415 445 
416 417 
416 446 
417 418 1
417 447 
418 419 1
418 448 1
419 449 1
420 421 
420 450 
421 422 
421 451 
422 423 
422 452 
423 424 7
423 453 
424 425 7
424 454 7
425 426 5,7
425 455 5,7
426 427 5,7
426 456 5,7
427 428 5,7
427 457 5,7
428 429 5,7
428 458 5,7
429 430 5,7
429 459 5,7
430 431 5,6,7
430 460 5,6,7
431 432 6
431 461 5,6
432 433 6
432 462 6
433 434 6
433 463 6
434 435 8
434 464 6,8
435 436 8
435 465 8
436 437 8
436 466 8
437 438 8
437 467 8
438 439 8,9
438 468 8
439 440 8,9
439 469 8,9
440 441 8,9
440 470 8,9
441 442 8,9
441 471 8,9
442 443 9
442 472 8,9
443 444 9
443 473 9
444 445 
444 474 
445 446 
445 475 
446 447 
446 476 
447 448 
447 477 
448 449 
448 478 
449 479 
450 451 
450 480 
451 452 
451 481 
452 453 
452 482 
453 454 
453 483 
454 455 5,7
454 484 5
455 456 5,7
455 485 5,7
456 457 5,7
456 486 5,7
457 458 5,7
457 487 5,7
458 459 5,7
458 488 5,7
459 460 5,6,7
459 489 5,6,7
460 461 5,6
460 490 5,6
461 462 5,6
461 491 5,6
462 463 6
462 492 5,6
463 464 6,8
463 493 6
464 465 6,8
464 494 6,8
465 466 8
465 495 6,8
466 467 8
466 496 8
467 468 8
467 497 8
468 469 8
468 498 8
469 470 8,9
469 499 8
470 471 8,9
470 500 8,9
471 472 8,9
471 501 8,9
472 473 8,9
472 502 8,9
473 474 
473 503 
474 475 
474 504 
475 476 
475 505 
476 477 
476 506 
477 478 
477 507 
478 479 
478 508 
479 509 
480 481 
480 510 
481 482 
481 511 
482 483 
482 512 
483 484 5
483 513 
484 485 5
484 514 5
485 486 5,7
485 515 5
486 487 5,7
486 516 5,7
487 488 5,7
487 517 5,7
488 489 5,6,7
488 518 5,6,7
489 490 5,6
489 519 5,6
490 491 5,6
490 520 5,6
491 492 5,6
491 521 5,6
492 493 6
492 522 5,6
493 494 6
493 523 6
494 495 6,8
494 524 6
495 496 6,8
495 525 6,8
496 497 8
496 526 6,8
497 498 8
497 527 8
498 499 8
498 528 8
499 500 8
499 529 8
500 501 8,9
500 530 8
501 502 8,9
501 531 8,9
502 503 
502 532 
503 504 
503 533 
504 505 
504 534 
505 506 
505 535 
506 507 
506 536 
507 508 
507 537 
508 509 
508 538 
509 539 
510 511 
510 540 
511 512 
511 541 
512 513 
512 542 
513 514 5
513 543 
514 515 5
514 544 5
515 516 5
515 545 5
516 517 5,7
516 546 5
517 518 5,6,7
517 547 5,6,7
518 519 5,6
518 548 5,6
519 520 5,6
519 549 5,6
520 521 5,6
520 550 5,6
521 522 5,6
521 551 5,6
522 523 5,6
522 552 5,6
523 524 6
523 553 6
524 525 6
524 554 6
525 526 6,8
525 555 6
526 527 6,8
526 556 6,8
527 528 8
527 557 6,8
528 529 8
528 558 8
529 530 8
529 559 8
530 531 8
530 560 8
531 532 
531 561 
532 533 
532 562 
533 534 
533 563 
534 535 
534 564 
535 536 
535 565 
536 537 
536 566 
537 538 
537 567 
538 539 
538 568 
539 569 
540 541 
540 570 
541 542 
541 571 
542 543 
542 572 
543 544 
543 573 
544 545 5
544 574 
545 546 5
545 575 5
546 547 5,6
546 576 5,6
547 548 5,6
547 577 5,6
548 549 5,6
548 578 5,6
549 550 5,6
549 579 5,6
550 551 5,6
550 580 5,6
551 552 5,6
551 581 5,6
552 553 6
552 582 6
553 554 6
553 583 6
554 555 6
554 584 6
555 556 6
555 585 6
556 557 6,8
556 586 6
557 558 6,8
557 587 6,8
558 559 8
558 588 8
559 560 8
559 589 8
560 561 
560 590 
561 562 
561 591 
562 563 
562 592 
563 564 
563 593 
564 565 
564 594 
565 566 
565 595 
566 567 
566 596 
567 568 
567 597 
568 569 
568 598 
569 599 
570 571 
571 572 
572 573 
573 574 
574 575 
575 576 5,6
576 577 5,6
577 578 5,6
578 579 5,6
579 580 5,6
580 581 5,6
581 582 6
582 583 6
583 584 6
584 585 6
585 586 6
586 587 6
587 588 6,8
588 589 8
589 590 
590 591 
591 592 
592 593 
593 594 
594 595 
595 596 
596 597 
597 598 
598 599 
